# H beta EW
      6.56946
      45.3823
      21.0983
      3.58745
      38.0512
      20.6070
      8.59575
      6.52144
      11.6444
      16.1731
      16.1731
      17.3471
      12.0463
      16.1104
      12.9221
      6.28124
      11.0263
      5.29661
      9.17452
      7.67916
      27.4113
      35.3015
      3.81378
      16.8833
      4.71990
      41.0062
      10.3520
      4.44247
      14.6857
      18.5560
      7.91442
      5.69671
      14.0682
      6.91953
      20.0297
      12.6544
      10.5842
      13.1624
      20.9145
      10.5181
      8.03456
      10.2969
      6.48289
      4.26981
      4.26981
      11.8716
      14.4103
      15.6460
      17.1582
      9.37260
      9.37260
      16.2766
      17.5543
      15.2591
      15.2591
      10.9967
      16.1768
      16.1768
      11.3068
      10.2942
      10.2942
      7.43608
      15.5313
      8.29892
      17.4110
      20.9974
      11.3368
      14.9363
      14.9363
      7.03574
      6.29572
      8.92400
      10.1200
      10.1594
      7.34609
      36.3773
      15.5705
      19.9508
      6.68330
      15.5365
      26.7357
      8.11774
      7.86127
      23.2365
      18.3571
      11.2024
      14.8600
      3.96485
      6.97239
      16.1414
      80.6699
      3.09785
      11.0257
      9.21971
      12.6279
      77.8109
      29.7041
      15.9363
      13.2683
      24.5468
      16.1308
      21.6511
      59.0267
      14.1378
      8.60450
      18.6658
      12.4167
      10.3766
      10.3766
      10.3766
      11.5969
      5.65390
      11.1678
      2.97134
      16.4613
      16.4613
      5.64194
      25.8261
      21.8785
      9.05675
      13.2024
      14.5479
      20.2871
      3.11782
      3.70896
      9.23357
      29.4532
      6.23701
      8.64269
      3.17095
      29.6562
      22.8136
      12.7794
      9.37306
      9.59215
      9.59215
      15.4820
      9.71250
      49.4194
      11.5790
      25.5868
      9.37608
      11.1078
      17.5138
      9.42125
      1.78054
      9.58119
      5.06930
      22.0122
      12.3693
      12.4318
      5.51393
      12.2901
      34.2467
      5.54761
      5.54761
      14.1014
      17.2081
      11.4844
      17.2956
      37.0676
      10.1756
      18.9420
      9.41996
      11.6633
      57.1514
      10.4882
      15.0173
      13.2849
      16.8314
      3.55027
      16.4049
      15.4823
      8.52585
      29.0708
      17.9510
      26.2886
      4.96347
      13.6464
      12.8024
      22.0493
      19.0212
      23.2447
      14.6627
      22.5613
      16.0886
      10.8081
      13.2625
      8.72252
      27.5195
      27.5195
      10.9551
      10.5453
      14.9379
      16.0998
      11.4756
      23.6909
      15.5727
      7.36895
      9.08124
      7.47103
      15.8980
      14.9195
      3.64076
      15.6637
      19.0443
      18.7685
      29.8966
      7.10296
      8.72326
      9.68775
      17.6961
      9.82375
      11.1882
      14.0683
      24.3142
      12.4744
      11.1580
      16.6548
      13.3540
      5.02922
      22.5412
      6.00987
      10.4649
      11.4862
      7.75309
      11.2691
      18.4928
      15.0933
      20.8870
      8.79148
      7.50591
      9.69525
      10.2186
      49.9553
      10.4655
      12.7585
      18.7569
      11.6406
      8.69436
      5.77529
      9.38620
      16.6531
      1.86828
      25.6647
      19.3274
      9.61123
      9.61123
      7.27548
      30.7369
      2.47864
      11.5188
      13.1557
      9.14754
      8.35444
      12.1159
      8.02012
      9.58198
      8.77850
      11.0327
      11.0327
      39.6639
      39.6639
      25.8478
      13.6336
      17.3402
      4.61159
      6.66162
      8.11049
      4.49202
      8.37752
      24.8102
      8.63626
      17.5258
      17.5258
      11.7678
      10.5438
      5.66106
      15.2343
      15.2343
      9.47575
      10.8765
      18.4131
      4.12776
      29.4289
      6.37200
      2.87044
      10.0252
      2.08420
      2.08420
      9.22318
      22.5340
      25.6774
      7.01719
      9.89264
      21.8960
      11.3848
      15.2144
      11.1415
      12.8941
      3.97738
      13.4793
      22.5717
      6.58646
      6.58646
      5.97406
      3.73533
      15.3909
      10.5385
      5.66828
      12.0555
      8.74970
      20.4189
      13.1859
      12.4455
      11.8294
      10.7809
      5.27447
      9.98876
      6.10231
      23.6937
      23.6937
      6.14352
      5.93015
      16.1472
      20.1293
      20.1293
      7.97051
      7.37279
      17.9880
      13.2244
      18.4603
      16.1024
      11.2929
      11.8902
      7.82427
      14.0566
      14.8506
      10.0617
      10.0617
      13.1581
      24.4258
      17.8964
      13.8425
      5.30987
      13.5504
      22.4008
      26.4906
      20.7598
      9.87787
      19.2245
      10.2926
      17.5516
      15.2357
      60.4114
      9.44231
      9.58817
      16.8795
      9.65970
      11.0543
      20.0811
      25.8447
      6.02336
      13.2113
      10.1909
      26.7694
      5.38926
      22.7600
      8.57605
      11.8060
      8.00866
      19.3326
      19.1486
      12.2974
      16.6063
      10.7350
      16.9211
      11.5727
      15.1590
      6.27664
      7.72699
      2.69944
      10.9043
      10.8432
      15.2106
      12.1761
      12.9461
      5.69287
      21.8406
      11.0683
      9.92047
      11.5154
      11.4838
      30.5443
      9.03829
      7.90332
      12.9681
      8.47328
      13.1960
      9.94094
      5.21982
      14.0856
      36.8886
      10.5853
      13.5216
      3.84313
      6.10865
      5.30067
      10.1783
      13.0648
      5.08507
      3.51527
      4.60145
      17.4333
      10.8780
      13.3683
      13.4044
      18.3062
      8.11677
      8.54085
      8.57325
      7.43622
      11.3442
      15.9669
      6.62427
      12.5820
      17.3456
      6.06388
      12.9351
      15.8516
      10.8970
      28.9623
      29.8260
      9.84714
      12.7761
      13.9058
      12.3481
      8.76268
      4.55801
      18.3891
      10.1761
      4.26854
      13.2377
      8.66713
      28.6130
      22.6359
      6.81472
      11.4546
      9.46776
      13.1098
      12.2368
      13.4143
      9.99024
      2.69002
      21.7556
      13.8716
      25.6357
      3.65030
      7.54707
      7.41445
      5.10770
      5.96526
      10.6597
      17.2701
      18.0345
      33.7628
      7.72123
      22.1248
      7.87108
      6.34302
      3.31146
      16.3685
      1.48601
      5.84250
      60.5249
      28.2506
      6.59055
      10.4257
      12.4196
      8.81412
      7.16907
      5.69931
      3.35489
      6.84917
      7.19813
      9.03397
      8.24259
      3.47260
      14.4945
      21.8314
      18.6375
      14.8285
      21.7753
      13.2004
      15.5020
      11.2502
      12.1726
      11.2352
      8.44128
      16.0334
      75.2219
      13.0195
      8.26286
      21.3223
      6.08104
      12.6491
      26.3847
      9.04892
      8.21018
      11.3422
      8.85268
      11.0166
      12.0156
      22.0698
      26.1210
      9.48675
      20.6013
      8.83595
      17.2308
      6.22888
      28.2206
      12.6851
      8.43312
      7.09740
      9.13736
      5.59389
      6.96799
      6.19976
      3.41483
      20.3496
      8.11717
      15.8520
      8.02142
      7.77239
      38.9980
      21.6360
      11.9967
      19.2455
      50.1082
      19.0740
      21.0249
      10.3102
      8.78677
      4.44140
      9.14509
      2.78163
      7.27016
      28.7284
      10.0887
      3.11589
      16.7987
      6.97193
      10.0624
      11.6616
      9.20761
      6.86699
      12.3220
      19.2922
      14.0856
      20.4835
      12.7579
      3.46623
      6.74124
      6.08575
      8.11497
      26.7358
      12.7749
      14.6884
      7.58100
      12.4360
      8.84918
      23.3053
      66.1135
      35.2988
      21.0557
      39.5982
      10.3140
      15.1333
      16.0805
      6.63854
      5.59519
      17.8412
      15.1229
      16.8351
      14.8898
      18.0223
      13.7859
      10.2504
      10.1115
      23.0320
      29.9928
      2.71680
      23.5701
      27.9535
      14.0482
      5.07990
      37.7943
      14.3100
      3.21261
      8.68972
      10.6796
      15.7203
      14.3210
      20.3676
      5.96002
      22.6312
      6.57740
      34.4878
      15.0774
      6.18898
      17.1939
      31.0981
      11.4542
      17.9467
      9.83704
      4.28222
      12.4663
      9.25085
      6.61031
      5.06394
      32.7996
      11.5568
      5.90013
      13.3053
      18.8020
      119.455
      45.9722
      5.63158
      11.7304
      3.01922
      19.3370
      19.4238
      11.9206
      8.47184
      4.62237
      1.72004
      9.37493
      2.91857
      8.71012
      11.3183
      7.08767
      5.56182
      7.35934
      7.94195
      9.83822
      16.2957
      20.1873
      22.6102
      17.9372
      9.42545
      8.56601
      6.65136
      10.0210
      11.5678
      11.7956
      8.31452
      6.61225
      15.9568
      5.77528
      2.68300
      17.4352
      26.3384
      4.57657
      8.26859
      8.41853
      13.4726
      1.93657
      2.16384
      13.0111
      13.4709
      57.5977
      12.0543
      9.48040
      17.9105
      49.9025
      12.1991
      10.5189
      19.4727
      8.91639
      11.7548
      5.26800
      12.4832
      3.17355
      29.9537
      11.4308
      3.83912
      11.7871
      14.5846
      9.67154
      14.3603
      13.1572
      11.5674
      17.1244
      8.67032
      1.94696
      8.81734
      11.3317
      12.2909
      19.0460
      13.0609
      14.8936
      6.31803
      19.6365
      15.9108
      10.4970
      16.1604
      13.4094
      2.48378
      2.45025
      4.31412
      28.6139
      5.12318
      11.7968
      13.2649
      16.0303
      10.5711
      9.28833
      11.4921
      9.31182
      9.73818
      4.10362
      3.58079
      12.1877
      13.1335
      9.30633
      45.2276
      3.46096
      11.0493
      25.9942
      22.0767
      5.54359
      10.2465
      12.8640
      34.2118
      23.3420
      12.4096
      8.06071
      8.17123
      5.14957
      7.83795
      7.17703
      54.6906
      7.43527
      12.8070
      10.2339
      7.27031
      11.6572
      9.54568
      17.6216
      13.8558
      7.31464
      7.63606
      9.45373
      15.5354
      8.71601
      3.33299
      6.97844
      28.8554
      24.7655
      15.9374
      20.2504
      44.5322
      19.3949
      14.3395
      5.13690
      7.59575
      9.76225
      11.7541
      18.1520
      9.71589
      9.55728
      22.9852
      10.1102
      2.42307
      14.0886
      10.7661
      17.7957
      18.3399
      12.9612
      7.75622
      11.2222
      7.09042
      9.85568
      7.47604
      9.09171
      12.8554
      23.0549
      7.47953
      7.73195
      12.2477
      15.8463
      8.30456
      10.3966
      9.98903
      3.45291
      17.4498
      3.50707
      52.9654
      7.32918
      22.5310
      12.0988
      4.28541
      17.1737
      13.7219
      25.1050
      13.7157
      10.9449
      3.76678
      48.8347
      7.86805
      20.8484
      8.98931
      13.2385
      29.9818
      64.4962
      12.5977
      9.04106
      12.6870
      8.16271
      21.8014
      7.79545
      6.92549
      7.38770
      1.98947
      8.54848
      23.3494
      8.93126
      14.8299
      32.0671
      14.2394
      8.14835
      7.96895
      26.4049
      14.1431
      16.0881
      7.31349
      14.6942
      3.62371
      5.67013
      6.68222
      13.4857
      17.2068
      4.89811
      13.5578
      4.49901
      10.8765
      11.5645
      32.8825
      17.1009
      10.8310
      13.3181
      12.9076
      19.2069
      26.8602
      9.58649
      7.70651
      9.87287
      5.12430
      47.6294
      9.64477
      7.20623
      49.9581
      36.4129
      13.4075
      8.56381
      4.07692
      11.6970
      22.7672
      7.95046
      52.6581
      13.5187
      18.1790
      11.3984
      81.0055
      6.38078
      7.40974
      5.44944
      10.6664
      6.19154
      10.7151
      38.4559
      16.0323
      9.28989
      24.9983
      9.10626
      8.14275
      12.2688
      15.3524
      6.51784
      19.9933
      16.1255
      23.9934
      5.16350
      10.4982
      29.0070
      10.7029
      16.2053
      10.5114
      11.1628
      5.51319
      9.03957
      22.8334
      26.4409
      9.58124
      29.4243
      10.2673
      6.59132
      12.6342
      12.4419
      12.3616
      10.2215
      10.1318
      12.5613
      19.5343
      9.51379
      10.0822
      23.2107
      11.7216
      6.69793
      14.6906
      6.58030
      13.2760
      4.69410
      7.77419
      12.5330
      25.6994
      11.4074
      5.06253
      10.0856
      6.53149
      18.9651
      8.56699
      11.4438
      8.68317
      18.1979
      2.42574
      2.88643
      5.50968
      15.9031
      7.54281
      32.5684
      43.5733
      11.0537
      11.4022
      21.5646
      9.75930
      14.0888
      4.30444
      3.52092
      15.4998
      2.06073
      12.1028
      21.5924
      14.0942
      10.2713
      5.35699
      14.0471
      16.6246
      19.0386
      27.3185
      27.3185
      14.6273
      19.5611
      9.11645
      5.53850
      11.2312
      10.9336
      22.7794
      10.2629
      23.3284
      9.64677
      17.8827
      16.0335
      18.2688
      8.65668
      6.75994
      14.1919
      12.2426
      13.7236
      10.1719
      3.09760
      5.52907
      6.42577
      3.22606
      18.3123
      8.07120
      16.9428
      11.7250
      20.6450
      17.4872
      16.9506
      12.8897
      14.6693
      13.7511
      9.71317
      14.8962
      13.9020
      34.6782
      47.3754
      9.73052
      10.7836
      1.79556
      6.12476
      24.7880
      17.8509
      17.8509
      16.8779
      16.8779
      2.29813
      27.6890
      7.99487
      8.21124
      12.2810
      47.2818
      11.4944
      9.58839
      75.9392
      9.21366
      3.81790
      23.1539
      8.32400
      7.68612
      14.5628
      21.2599
      4.27919
      17.2179
      10.4114
      10.4281
      7.12888
      18.2079
      12.7300
      8.56429
      20.9186
      17.3475
      11.6956
      13.1883
      6.30573
      7.15675
      24.4204
      1.07645
      11.0581
      10.8282
      7.44291
      8.85391
      9.60928
      9.03932
      8.89083
      7.07110
      10.4067
      18.8412
      27.4477
      12.2465
      6.40802
      14.3676
      8.87896
      17.4358
      6.56941
      10.5391
      14.6076
      31.4053
      16.7793
      5.40058
      8.28918
      14.2067
      4.61675
      192.618
      13.9569
      37.8946
      10.8804
      15.5188
      27.5173
      11.3647
      64.7735
      25.1940
      95.7957
      14.9044
      14.6399
      2.77737
      5.43019
      9.86339
      12.4678
      24.7288
      20.4125
      8.19535
      26.5164
      6.79516
      7.37785
      12.8294
      9.11524
      19.8059
      12.2418
      26.6127
      13.7714
      10.6860
      5.43176
      17.1330
      9.12320
      28.4779
      20.3925
      10.9634
      13.7231
      11.6838
      12.3968
      11.5549
      2.53484
      2.85306
      6.50751
      5.85004
      37.9625
      8.75006
      8.78274
      16.3760
      17.9482
      26.2590
      8.49384
      18.2811
      19.4836
      19.2282
      15.4597
      15.0046
      11.5525
      6.51286
      15.9354
      70.0913
      56.0821
      12.1371
      12.6542
      9.07528
      41.1851
      77.0743
      30.2138
      4.01879
      20.3301
      31.7506
      22.5830
      5.21514
      4.88350
      11.1819
      2.63116
      18.7656
      14.7909
      8.91806
      23.4786
      16.3870
      46.3567
      13.1773
      5.09780
      3.40708
      4.93663
      10.4918
      17.7704
      12.1172
      13.5755
      16.1760
      2.26679
      7.86466
      15.8641
      9.85621
      11.8808
      8.59762
      19.2677
      15.4869
      7.13116
      6.85704
      14.0914
      7.35697
      19.8329
      12.2947
      9.95542
      8.76917
      6.69615
      12.5273
      7.32290
      12.1776
      12.2802
      12.3788
      11.5084
      9.68389
      7.62657
      6.72101
      19.5477
      50.2083
      8.43843
      22.6334
      9.44960
      10.6438
      19.1191
      28.8868
      5.56271
      2.55416
      8.33563
      33.6359
      3.62830
      25.9569
      12.1011
      16.4578
      17.0830
      13.6399
      13.5890
      18.9010
      8.40014
      8.54219
      13.6325
      15.8919
      10.5071
      4.78368
      11.6970
      25.0030
      9.85574
      19.3646
      17.4452
      14.1467
      8.69832
      12.6698
      20.1389
      33.9033
      65.8092
      8.60560
      18.1296
      18.1296
      11.9950
      15.6220
      12.6050
      12.6050
      10.2226
      13.5276
      29.2560
      14.2604
      14.8485
      3.03147
      11.0029
      7.64550
      12.7849
      12.7849
      17.3165
      5.98758
      45.7019
      45.7019
      6.95139
      6.95139
      13.6928
      13.6928
      9.83979
      9.83979
      8.42651
      2.04456
      2.04456
      7.44994
      15.4891
      15.4891
      30.5245
      13.8531
      13.4338
      3.60794
      3.60794
      17.6685
      17.6685
      21.6238
      16.3205
      50.6689
      50.6689
      7.28531
      12.4775
      20.8110
      2.75725
      3.11835
      12.2286
      12.2286
      13.6906
      60.2208
      9.01877
      30.2674
      19.4859
      17.9651
      17.9651
      11.4450
      4.89827
      4.89827
      19.8005
      12.5440
      10.6501
      93.5626
      5.12685
      5.12685
      10.4308
      8.94375
      15.5310
      19.1818
      6.42547
      22.0291
      15.3353
      12.1820
      14.2217
      4.00934
      11.5471
      12.4973
      4.21055
      8.58025
      17.1324
      26.3854
      7.99879
      34.1477
      8.57986
      21.5947
      15.4168
      9.28862
      20.5458
      10.3665
      10.8158
      9.28341
      3.09793
      28.4402
      26.2529
      21.3993
      11.3640
      15.0192
      6.70171
      4.82908
      8.65724
      12.0061
      7.74907
      4.81675
      28.0566
      1.64401
      11.0538
      25.6186
      9.35767
      5.07575
      15.5274
      10.2058
      5.37614
      9.22481
      8.98484
      22.0672
      18.6962
      23.7865
      7.75090
      30.0963
      2.71427
      5.95803
      10.7623
      10.3167
      8.30533
      23.7157
      7.24818
      17.5121
      12.8101
      12.4142
      13.2628
      16.3172
      33.1122
      7.78770
      5.92686
      21.1078
      16.5342
      9.28987
      10.4214
      11.8769
      6.09174
      20.5384
      4.81091
      3.87887
      6.96177
      72.7066
      11.7300
      10.1424
      4.50318
      9.48833
      15.5911
      23.4347
      6.74205
      11.9080
      13.7602
      11.8744
      51.0904
      4.72259
      14.5332
      15.2748
      3.12967
      8.95134
      19.3826
      25.2415
      16.9434
      10.6842
      11.7734
      18.3086
      8.00037
      16.4842
      12.4571
      5.55123
      53.1899
      13.3050
      9.59975
      12.2749
      11.9858
      7.08668
      19.9345
      3.89950
      16.1098
      16.1098
      18.8690
      7.67538
      9.79042
      16.4738
      6.26303
      20.9191
      38.8242
      8.64949
      6.09529
      11.8463
      12.0493
      25.4644
      20.9322
      18.2127
      10.5291
      8.61573
      9.14206
      16.2275
      31.0737
      12.6037
      10.1279
      7.28902
      28.4478
      12.3477
      5.67049
      16.8683
      6.37637
      14.1768
      5.48306
      6.08962
      22.2019
      8.88973
      11.2414
      14.9152
      9.14415
      17.4223
      23.8348
      14.7358
      7.35144
      4.68761
      10.2952
      4.03931
      4.59647
      11.2489
      10.3906
      12.0559
      15.3712
      12.1415
      9.99123
      13.1700
      3.44065
      6.60724
      26.3412
      42.3564
      9.15420
      39.1396
      5.90796
      8.86502
      10.1312
      6.81005
      26.7523
      10.1144
      25.9750
      5.74001
      23.5215
      4.52251
      9.44225
      11.1409
      9.88062
      14.8575
      25.3954
      18.3995
      4.12295
      6.63553
      5.85180
      3.88242
      7.21683
      12.2382
      40.9110
      13.1018
      17.7535
      9.59504
      2.56690
      20.4465
      15.2646
      25.1638
      20.8885
      19.9743
      14.6148
      22.4593
      26.9687
      13.5525
      6.21735
      7.58700
      23.8106
      8.32479
      18.1296
      12.5722
      5.89237
      11.3719
      9.39436
      3.74932
      15.2108
      10.4984
      20.9830
      9.41322
      17.5778
      7.05174
      6.25954
      6.25954
      11.9117
      11.5430
      8.74130
      10.2899
      19.6519
      17.9735
      15.6753
      15.0986
      18.0767
      12.4214
      4.06318
      20.3867
      6.00218
      17.7121
      9.29546
      12.3438
      21.4383
      10.6893
      9.68901
      9.68901
      24.1586
      21.1770
      20.9670
      9.64942
      2.17909
      2.94076
      63.7459
      15.7601
      15.6317
      32.9206
      11.9399
      12.6179
      15.4520
      4.21926
      44.8924
      10.5637
      14.7605
      26.0706
      6.31613
      8.10947
      8.63466
      14.1897
      14.1897
      8.47887
      6.01827
      23.6544
      54.2471
      7.60999
      20.8169
      18.9028
      57.9715
      49.6747
      21.2835
      12.0463
      15.3374
      15.3374
      50.2724
      13.4494
      9.32087
      14.3446
      8.06463
      13.7610
      6.71985
      16.7618
      6.36510
      8.48289
      6.99888
      7.56430
      13.6616
      13.7856
      5.32161
      3.73517
      14.8651
      12.2071
      7.29222
      14.5105
      21.3475
      27.9959
      11.0568
      12.3572
      16.5805
      15.0013
      16.8355
      12.2632
      18.5490
      5.52366
      6.60193
      13.3871
      26.0103
      29.3677
      23.4709
      10.4323
      7.90225
      6.26956
      11.7178
      8.94029
      7.84999
      21.8511
      12.0637
      17.0520
      76.6363
      17.0390
      7.41990
      12.2570
      10.5401
      17.7483
      10.8973
      10.8973
      6.19881
      11.7099
      12.1280
      10.2834
      42.0074
      16.1199
      11.7038
      14.1744
      18.6184
      15.8970
      12.5443
      17.8313
      17.8313
      3.50607
      10.2673
      27.0706
      8.66456
      7.56407
      9.76463
      12.9399
      4.59665
      10.4216
      26.3230
      16.2279
      8.28825
      38.2791
      18.4512
      13.1685
      13.3070
      16.2025
      2.77655
      7.83602
      30.8129
      12.4229
      17.8300
      17.0214
      16.2373
      12.6645
      13.7131
      12.4396
      18.1087
      8.16707
      14.1193
      6.00343
      10.9298
      16.8870
      18.9988
      14.5868
      4.43855
      19.9510
      11.2411
      62.4658
      18.1690
      4.04352
      3.81506
      20.1187
      10.8028
      15.0638
      8.87966
      16.2059
      18.1421
      19.7510
      5.14091
      9.82222
      9.78038
      9.75603
      27.0144
      52.2297
      14.7137
      7.07885
      12.1402
      67.4446
      11.4266
      10.0340
      21.2431
      13.1624
      19.0886
      46.9177
      8.74540
      74.8653
      12.7907
      12.7735
      1.79945
      19.7648
      21.6626
      59.3318
      8.64318
      8.17065
      8.17065
      15.6360
      8.47675
      15.8225
      37.5799
      1.45109
      13.3784
      6.94865
      6.94865
      10.8949
      34.6144
      5.27309
      13.4164
      17.9897
      131.888
      16.1101
      9.16684
      1.89978
      2.99607
      29.2317
      8.15380
      11.5765
      20.3704
      5.96246
      5.50144
      17.9150
      14.5624
      11.3512
      12.4545
      20.2983
      15.6425
      9.25299
      12.9632
      10.5166
      7.63471
      9.64625
      15.7956
      17.4050
      9.75874
      3.97046
      2.48636
      15.5483
      15.5483
      19.7191
      4.64148
      5.90085
      5.90085
      18.4479
      29.9557
      20.3496
      27.9620
      62.1549
      38.1834
      6.33566
      6.33566
      12.4511
      5.43458
      5.43458
      6.72685
      16.1643
      22.7203
      22.7203
      2.83562
      5.71261
      21.1180
      18.6573
      7.57144
      16.6178
      9.49326
      19.1462
      12.7115
      8.31214
      8.31214
      7.10359
      11.9470
      27.8185
      33.0641
      33.0641
      15.5723
      25.5130
      2.25459
      2.25459
      18.7339
      8.82209
      10.9370
      3.44292
      6.17738
      4.51874
      19.3797
      7.81548
      17.2242
      11.4221
      14.3590
      19.4202
      7.07172
      29.5490
      29.5490
      27.6045
      27.6045
      13.4373
      23.8668
      10.0828
      6.09446
      6.09446
      6.70119
      2.13907
      6.46428
      20.7606
      2.90509
      16.2664
      13.2045
      53.5526
      15.8587
      36.7252
      19.5396
      13.9108
      8.41742
      6.16217
      9.31968
      7.63990
      7.63990
      15.7635
      13.8676
      20.1007
      20.1007
      5.87417
      3.92580
      13.7084
      13.7084
      11.4561
      27.5313
      22.0147
      15.1308
      12.9313
      21.5290
      7.09537
      1.77838
      10.6361
      9.00182
      9.99127
      9.57147
      10.3170
      28.2363
      5.38824
      12.1792
      19.6176
      17.4369
      10.6283
      15.1230
      3.84455
      6.15699
      8.32524
      35.7967
      30.7697
      7.85904
      7.86022
      5.39512
      12.2827
      13.4619
      10.1563
      6.16543
      10.1164
      6.22353
      47.2530
      32.4430
      13.4803
      4.40465
      12.3901
      3.90158
      15.5252
      9.41433
      9.43467
      9.43467
      8.02757
      9.66197
      13.1249
      15.1094
      2.81591
      10.6718
      9.74284
      5.32227
      4.66163
      18.2229
      18.2229
      18.3446
      18.3446
      6.66355
      16.1967
      22.6698
      13.2079
      25.7594
      10.6399
      10.6399
      30.2136
      11.5862
      25.8659
      23.3744
      13.3872
      13.9105
      8.72392
      8.39172
      32.7231
      22.4527
      11.2928
      10.1331
      5.86242
      9.98884
      3.43289
      9.29148
      17.5699
      3.08363
      10.8608
      6.33508
      9.92497
      6.06844
      19.8149
      15.3224
      6.68073
      30.0942
      37.0038
      10.7711
      10.7711
      30.0323
      9.84129
      12.2042
      3.47809
      7.90067
      9.10395
      19.2269
      15.0856
      52.7348
      5.06484
      7.13606
      29.6097
      9.49650
      9.43044
      9.58319
      36.0345
      23.3814
      122.408
      7.74209
      13.2406
      15.1216
      7.50519
      7.50519
      32.1069
      24.8962
      24.8962
      19.3421
      12.8608
      15.5754
      17.1092
      8.01689
      10.2204
      12.3222
      14.8762
      1.94708
      37.3515
      16.5847
      16.5847
      6.99599
      10.7229
      10.7100
      8.54433
      12.0436
      10.1786
      10.3955
      15.7545
      4.29278
      21.9655
      7.51406
      26.0045
      3.49366
      14.3624
      20.3289
      10.1249
      11.9704
      7.64322
      7.25953
      7.25953
      9.65885
      5.12638
      22.4966
      19.1685
      7.28695
      7.28695
      9.05437
      8.19168
      5.91152
      7.64552
      15.8496
      9.38217
      9.38217
      48.1685
      4.81402
      15.2725
      11.0613
      11.0613
      124.394
      10.1028
      17.1090
      13.0846
      17.6463
      6.68500
      3.71416
      12.5938
      5.63123
      11.7522
      14.6744
      19.6897
      40.2382
      8.53724
      9.77139
      12.9833
      12.8336
      22.8698
      5.45528
      5.45187
      22.1550
      12.0829
      12.3723
      9.73695
      6.80904
      4.45074
      24.6415
      10.8074
      7.79853
      4.16362
      12.5144
      8.60070
      1.62672
      6.12146
      7.47703
      71.7490
      17.0083
      15.2367
      26.5787
      32.3433
      5.95464
      18.9902
      7.73079
      15.5613
      19.0181
      4.66313
      5.20689
      9.19331
      9.42962
      2.48952
      12.4641
      9.00415
      5.39565
      5.39565
      14.2462
      22.0837
      9.54986
      19.1256
      8.38316
      19.6732
      10.2459
      8.71897
      16.6769
      6.20760
      9.18215
      14.9580
      59.1368
      13.0738
      11.5364
      11.5364
      16.9348
      5.71713
      2.78728
      11.9399
      11.8967
      9.40584
      10.4032
      21.9759
      6.46714
      11.2077
      14.1804
      6.45914
      10.4079
      10.5243
      10.5243
      20.6006
      11.6503
      14.1237
      13.1522
      10.5040
      14.1921
      7.49297
      8.96574
      15.5176
      4.24327
      8.58080
      9.93831
      7.49593
      9.33378
      20.4755
      10.4306
      10.4306
      8.79157
      4.12027
      8.84935
      16.4246
      15.0627
      16.8221
      9.10834
      15.4952
      46.6986
      8.50971
      4.07835
      10.4407
      14.2924
      14.2924
      27.6850
      10.1686
      9.04853
      14.5557
      10.7904
      15.1928
      22.8551
      7.13427
      12.8099
      25.7184
      12.9861
      5.16610
      72.5203
      8.48157
      34.3504
      11.1619
      12.9844
      7.58031
      7.58031
      41.3427
      11.8955
      10.4498
      14.5514
      19.0886
      17.6009
      5.76493
      2.86719
      8.26161
      1.90153
      2.88073
      14.2994
      25.0520
      3.51616
      5.69525
      24.3449
      33.7089
      11.2999
      14.3273
      3.40629
      73.7630
      4.37374
      4.88346
      20.6086
      4.31882
      5.16189
      3.40194
      16.0682
      10.0290
      15.5039
      35.4045
      5.92607
      10.4413
      28.4497
      14.8235
      51.2633
      11.3038
      7.59853
      11.6680
      12.0051
      9.17046
      10.7739
      8.52388
      24.3571
      6.68414
      4.71124
      4.79611
      5.92397
      6.35644
      18.2965
      7.18861
      17.3263
      15.2998
      9.25298
      4.69121
      7.40447
      15.4694
      20.0078
      18.1873
      25.5590
      11.8176
      13.0875
      10.6521
      11.9198
      10.4199
      5.08029
      27.5757
      12.9666
      21.0354
      32.9931
      3.44417
      13.5451
      22.0958
      12.7536
      11.4105
      10.8874
      6.90828
      26.0371
      7.98026
      14.1250
      14.1250
      3.74632
      13.9554
      11.7477
      11.7477
      5.22687
      5.22687
      12.2492
      9.64970
      8.79813
      51.3007
      12.7928
      12.7928
      6.60953
      15.9735
      11.0682
      8.69666
      54.7950
      20.4242
      5.71066
      31.5792
      10.8258
      16.1772
      28.9375
      14.2845
      34.7731
      4.69469
      26.8122
      21.0328
      26.4478
      4.24522
      7.43564
      266.696
      15.7599
      6.28191
      16.8061
      3.64212
      15.2520
      13.7009
      7.70483
      15.3801
      4.82984
      5.30137
      13.5891
      34.6533
      3.56295
      8.96217
      11.2467
      5.79017
      13.8516
      5.84865
      14.5172
      21.3866
      17.3091
      17.7609
      15.6173
      62.2622
      10.2803
      13.9276
      16.0617
      4.17469
      11.3361
      90.9684
      34.8485
      12.2607
      6.28881
      11.7810
      25.8155
      9.52914
      10.2731
      8.33265
      31.1366
      35.2050
      12.8604
      12.8604
      54.3675
      54.3675
      15.2222
      15.2222
      9.95702
      27.7219
      19.9366
      3.05283
      16.6887
      1.81336
      29.7371
      2.32464
      13.5083
      12.5194
      5.47279
      33.7347
      11.1180
      27.7295
      23.1318
      23.7771
      7.83133
      12.1787
      14.5409
      14.8077
      10.2113
      7.33728
      8.16101
      19.8110
      7.73498
      7.90739
      16.8871
      18.4547
      15.1822
      104.553
      18.0863
      3.53645
      11.3935
      10.9236
      21.0445
      196.653
      15.8721
      11.5598
      7.23919
      17.3205
      5.08329
      19.1539
      6.83782
      6.90065
      4.89567
      11.4489
      9.34742
      35.0311
      16.9625
      15.2860
      34.9322
      14.8215
      27.8856
      13.2169
      18.0554
      11.8559
      11.4706
      10.9255
      3.46563
      50.0566
      11.3335
      5.85675
      37.2635
      4.57771
      7.79991
      7.79991
      10.2200
      13.0281
      11.0511
      6.39654
      43.7643
      1.28062
      17.0326
      42.0944
      16.5104
      7.09833
      7.44548
      49.9950
      16.7224
      19.4826
      8.63839
      20.7054
      104.966
      8.42122
      10.6064
      11.8333
      81.5206
      143.277
      17.9711
      12.4602
      15.0633
      2.67428
      8.25226
      12.2115
      6.53907
      9.13593
      6.26565
      12.9931
      17.0184
      5.22986
      9.64918
      22.8553
      11.9006
      8.90588
      13.8483
      2.37617
      8.25334
      12.4876
      9.20365
      46.0754
      2.89139
      41.5448
      13.5628
      26.6483
      10.4729
      17.4002
      16.6224
      19.1873
      15.1068
      16.5400
      19.7720
      15.2613
      9.99932
      7.25851
      17.9839
      15.7583
      18.6926
      10.2216
      25.7211
      10.9167
      17.3129
      11.1169
      11.4224
      29.6899
      4.38942
      22.5664
      17.2098
      7.72664
      3.31064
      4.95596
      16.6255
      9.54464
      12.6612
      27.3360
      21.2059
      16.1332
      13.0529
      10.1987
      46.8750
      13.8510
      16.0701
      11.9881
      12.3920
      47.6706
      12.5275
      9.68900
      34.7476
      5.12117
      2.19644
      21.1896
      7.28356
      12.3557
      2.59182
      15.1074
      8.96531
      24.9910
      12.1060
      9.03955
      8.00819
      11.9479
      87.8067
      8.65481
      3.15441
      6.33447
      16.7565
      7.17771
      21.0712
      9.06207
      11.1012
      14.4163
      4.97091
      8.98385
      16.4843
      17.8963
      16.2310
      18.2949
      28.5248
      19.0070
      13.0010
      5.64343
      15.2517
      12.0318
      8.69788
      55.2939
      12.0233
      17.8299
      11.0953
      29.2469
      4.04374
      16.9303
      8.88002
      3.05511
      12.2624
      16.5609
      28.5453
      2.32075
      4.97807
      15.2412
      25.0658
      11.7454
      11.5604
      16.4574
      25.9632
      25.6687
      19.6161
      15.3989
      25.5391
      34.4629
      34.4629
      16.3701
      25.2973
      5.12687
      14.2952
      7.11150
      9.16646
      13.6677
      90.1795
      9.55263
      24.4544
      9.78887
      10.3792
      7.54638
      4.65323
      30.5793
      5.77632
      8.96660
      11.4225
      3.42999
      8.52841
      4.52574
      36.2458
      13.5963
      9.89641
      26.0809
      9.42850
      20.8821
      11.3419
      7.23426
      13.3440
      21.2101
      18.4401
      12.2862
      22.9527
      14.4821
      6.86264
      7.79696
      38.7452
      12.0752
      27.0221
      17.8231
      8.77402
      8.08982
      10.8438
      16.2012
      14.7522
      9.54648
      16.2596
      13.9271
      15.0432
      15.0432
      13.4395
      6.18753
      15.0478
      18.6192
      8.76726
      10.9610
      10.9610
      11.7689
      9.26334
      17.3035
      10.7056
      22.5219
      5.74928
      61.3218
      15.9049
      15.9049
      11.3709
      15.6868
      5.54710
      23.4528
      28.8497
      10.0404
      21.3877
      38.3474
      14.0011
      42.8239
      6.97419
      6.97419
      8.07120
      8.07120
      14.1883
      17.3294
      8.61736
      16.3221
      18.0342
      16.6040
      12.5219
      3.87774
      23.8622
      13.9333
      13.6767
      12.4809
      11.7930
      24.1387
      77.2604
      77.2604
      9.57045
      4.26352
      5.87363
      8.65568
      18.9304
      4.37255
      10.4131
      8.31180
      18.2234
      8.84199
      14.8760
      10.6147
      17.4902
      59.7031
      7.43703
      14.5146
      10.2192
      44.7645
      7.50827
      26.8565
      8.88889
      2.90246
      9.83526
      38.5326
      20.1011
      7.46965
      12.1759
      9.49374
      31.7236
      6.45042
      26.4571
      11.5475
      22.0969
      17.2990
      8.49349
      10.0656
      33.4713
      16.2731
      16.2731
      6.65361
      13.1185
      17.0218
      2.69570
      3.51012
      11.0255
      17.1413
      15.0213
      4.28624
      11.9217
      12.0339
      9.39391
      18.1518
      10.7580
      12.4365
      9.63021
      35.2646
      19.6923
      6.55316
      8.93498
      4.32223
      13.2777
      5.15905
      9.61284
      5.77866
      9.90752
      9.80420
      22.4951
      25.8830
      8.50893
      10.5375
      23.6030
      20.6319
      6.93227
      14.7033
      8.59882
      13.7554
      11.5384
      3.14758
      44.6153
      11.7524
      14.6239
      5.31156
      5.31156
      15.6952
      15.6952
      9.49535
      9.49535
      23.8307
      28.0118
      22.2638
      9.31853
      26.9000
      8.77366
      9.58944
      11.9383
      34.3804
      5.45364
      22.3296
      6.81108
      2.60529
      5.02653
      32.6998
      17.5613
      10.6634
      9.78887
      18.5435
      20.7900
      24.3968
      10.5664
      24.9969
      9.17008
      10.1613
      22.2707
      24.8046
      7.25004
      22.2281
      12.2831
      36.3868
      9.96774
      5.63809
      8.55098
      10.8113
      5.29624
      17.4013
      17.4013
      21.0148
      6.62118
      16.2935
      4.57002
      36.8923
      10.4386
      18.6474
      2.76986
      16.3647
      12.0273
      6.59397
      31.9733
      11.7984
      4.34530
      9.27736
      20.9476
      5.51931
      13.8125
      13.8128
      2.34334
      25.2262
      16.9114
      43.3928
      3.23678
      4.53393
      15.2224
      2.15045
      5.97515
      10.6535
      24.4355
      6.69220
      8.70980
      11.0447
      13.7425
      9.19645
      15.6873
      10.9529
      9.22981
      30.5319
      11.6115
      38.1868
      5.49585
      6.63748
      17.5445
      9.89363
      8.32341
      3.56151
      19.9834
      30.1078
      15.2942
      8.63879
      7.86782
      14.8311
      11.7474
      5.52668
      3.84464
      7.10416
      9.97871
      16.9462
      36.9271
      6.32634
      5.68271
      16.3000
      18.9975
      12.0043
      32.3379
      5.99468
      19.2341
      8.51260
      3.60457
      8.95828
      17.8811
      11.6613
      81.2784
      2.48043
      12.5542
      11.0136
      19.9986
      12.7869
      9.99988
      3.51718
      12.3627
      8.68721
      4.07520
      18.0010
      10.7281
      18.4255
      6.77833
      11.7721
      30.9487
      18.8474
      15.7994
      13.7481
      11.6655
      8.16374
      14.2887
      12.8278
      10.9682
      29.4448
      9.57627
      13.3360
      10.3262
      7.20752
      6.13857
      17.3813
      8.85055
      11.8431
      27.9633
      9.04018
      9.71375
      6.74419
      24.6366
      11.0527
      11.2819
      14.9056
      21.7316
      37.1665
      4.39924
      16.5034
      41.8143
      6.22518
      38.2697
      6.78165
      5.11476
      9.72769
      4.83679
      7.02984
      23.8992
      20.1914
      22.2667
      14.9270
      8.16652
      15.2036
      13.5518
      8.90485
      39.4757
      15.5807
      17.0382
      37.2921
      1.92250
      10.7190
      7.46448
      8.57961
      10.0815
      8.65098
      14.0408
      12.0512
      14.5698
      15.4050
      15.4050
      10.9341
      10.1804
      14.7737
      8.88167
      51.0254
      51.0254
      12.2470
      64.1385
      11.0230
      11.6045
      16.6263
      19.5850
      4.91529
      13.3550
      10.3904
      9.46503
      11.6998
      36.4136
      4.34887
      8.39671
      15.0719
      1.54297
      13.5467
      21.1271
      18.9186
      28.0347
      16.1956
      20.8503
      3.59836
      6.08407
      8.94917
      13.3070
      10.9730
      7.36248
      6.64225
      6.64225
      13.4028
      13.4028
      15.8315
      10.4569
      5.51313
      31.9917
      14.3875
      14.2348
      12.0797
      33.1657
      16.4435
      7.04779
      5.35044
      12.4640
      16.5723
      22.0743
      31.9374
      15.1216
      12.6488
      7.75298
      5.77034
      5.49291
      11.5901
      31.8089
      15.3164
      23.4014
      13.0501
      20.2337
      12.4007
      17.9870
      17.3919
      5.36526
      9.81219
      14.7667
      6.75445
      5.46736
      4.90810
      12.7017
      14.4496
      14.4496
      9.52083
      11.1261
      9.94382
      9.94382
      9.26286
      15.9811
      10.8577
      9.96548
      9.18614
      8.60783
      2.62708
      8.31561
      11.4301
      20.2760
      6.00665
      5.76173
      29.7909
      17.6151
      10.3586
      16.4087
      21.9978
      10.6349
      16.7920
      15.2241
      14.7888
      3.86373
      1.59444
      28.7796
      20.4236
      23.2441
      10.1886
      27.8597
      6.39515
      5.90066
      46.6161
      7.67020
      8.51765
      8.79195
      19.1586
      15.6481
      11.7845
      9.37152
      3.22334
      12.0665
      9.29937
      7.07324
      17.3869
      10.5927
      9.02793
      30.7371
      9.08199
      29.1021
      18.1170
      30.9058
      15.3771
      8.65097
      4.77410
      10.0238
      7.87294
      11.0452
      8.07635
      20.3785
      129.181
      11.5110
      14.3492
      14.5427
      14.1994
      13.4219
      6.49662
      9.82809
      8.46946
      11.6253
      9.91993
      14.6643
      13.9961
      15.5405
      12.0794
      17.6173
      32.4295
      19.7125
      6.49776
      20.0299
      26.1614
      14.6308
      7.99785
      39.6871
      8.24390
      17.2141
      9.15236
      13.3348
      10.8638
      5.69261
      10.0066
      16.8531
      22.9255
      5.87721
      16.8699
      33.1020
      6.29826
      30.0726
      9.12998
      17.7588
      21.7062
      5.55415
      20.4380
      10.7837
      3.25203
      9.31377
      13.1859
      27.0624
      11.3552
      53.9368
      72.2422
      8.17215
      4.53440
      11.2420
      12.2750
      10.2097
      9.93738
      8.44889
      15.3784
      29.5345
      105.582
      9.29938
      17.6054
      10.7974
      8.08413
      14.3927
      9.81090
      5.83817
      11.3688
      5.19766
      15.9355
      12.0084
      5.35939
      1.40545
      10.4483
      23.0193
      5.07787
      12.2367
      33.7443
      13.1884
      28.0009
      12.7638
      15.5822
      3.52849
      14.3530
      13.1006
      4.69727
      9.91373
      9.25508
      8.95863
      29.9708
      16.1401
      28.7406
      16.5468
      10.9004
      4.31526
      13.2107
      6.31711
      15.2364
      42.9178
      17.5977
      2.01940
      8.07873
      11.0477
      14.7069
      20.2355
      4.72143
      13.3706
      11.2558
      11.6642
      15.2623
      14.8761
      4.31619
      26.2112
      26.7108
      14.1833
      14.0550
      8.70285
      12.5144
      22.0412
      8.26186
      11.5628
      12.5773
      12.0725
      9.01132
      3.36206
      10.8378
      7.64804
      10.0203
      9.58268
      9.11335
      12.6391
      10.4914
      6.34019
      14.6576
      9.00145
      8.69914
      9.63210
      2.83390
      179.798
      4.38880
      28.1180
      28.1180
      17.4248
      17.4248
      12.1450
      11.2558
      14.8770
      16.2207
      19.3609
      19.3609
      24.5220
      10.0571
      3.40343
      16.8304
      34.4697
      7.42163
      22.5778
      15.7840
      12.8213
      12.6580
      22.8078
      15.6909
      12.0402
      51.7154
      16.9399
      8.61365
      10.6672
      12.1332
      5.37277
      1.74787
      131.662
      15.1871
      15.5897
      9.73827
      9.53258
      9.81027
      9.19036
      42.1330
      7.04846
      5.03740
      14.1804
      30.6116
      4.63451
      17.8019
      3.09684
      7.13819
      32.5503
      45.8129
      16.8751
      9.99489
      9.80859
      8.59308
      8.59308
      13.3157
      13.3157
      41.4822
      41.4822
      5.15369
      5.15369
      9.18228
      10.3212
      37.2320
      12.0469
      18.3850
      3.62296
      6.36137
      2.41836
      2.41836
      6.85590
      17.3711
      10.9598
      32.6985
      6.48546
      14.7797
      12.1216
      20.5860
      22.8405
      22.8405
      5.55199
      12.9847
      9.88899
      12.0478
      16.4841
      13.9677
      9.61119
      9.92922
      12.1540
      12.1801
      11.1070
      11.3930
      13.9339
      19.2703
      11.2729
      11.2729
      7.02948
      35.4016
      3.48594
      3.48594
      10.2830
      4.88488
      7.95370
      6.14952
      7.73976
      7.73976
      29.0325
      29.0325
      17.1564
      16.9460
      12.8706
      11.1316
      14.5672
      21.3750
      21.3750
      19.7984
      11.9083
      21.3006
      4.50914
      4.50914
      9.19211
      18.3485
      11.0795
      20.8955
      5.65416
      7.86744
      7.86744
      20.0144
      15.5808
      22.8839
      22.8839
      7.04740
      60.9783
      13.5306
      13.0966
      3.29258
      49.9126
      12.0216
      18.9760
      4.16030
      6.55279
      6.70742
      12.8870
      7.81178
      22.8204
      7.93575
      4.74494
      5.66541
      32.8661
      25.0201
      16.2674
      9.12804
      6.74410
      20.2949
      26.9980
      44.7266
      16.0982
      5.94173
      12.5228
      15.7686
      20.1474
      7.11013
      11.9539
      17.8546
      5.87332
      10.4398
      31.1707
      15.1529
      15.2830
      12.9160
      5.05178
      13.7529
      25.8940
      20.4642
      9.32398
      8.86107
      24.9877
      11.7646
      30.3312
      7.67736
      12.9677
      4.33471
      11.1010
      10.5680
      20.3042
      15.4776
      6.00274
      58.7390
      7.65664
      16.5845
      57.8311
      9.84672
      31.9307
      16.4688
      29.1722
      5.24508
      8.62250
      8.76257
      13.1505
      5.12649
      33.3136
      5.07036
      15.6923
      6.34486
      3.45616
      12.3866
      8.26405
      12.9471
      1.95075
      2.90315
      24.3992
      24.3992
      8.18787
      8.18787
      33.0408
      33.0408
      7.94412
      4.45542
      15.5399
      8.08165
      42.5249
      8.02924
      10.1829
      9.33346
      10.3241
      9.93973
      25.6136
      15.8176
      12.0537
      7.60811
      43.8565
      12.3196
      19.6216
      12.0807
      12.3690
      9.67144
      17.8182
      8.56890
      5.90890
      12.1267
      11.9743
      7.59951
      18.0597
      11.7138
      6.75566
      26.2439
      22.9723
      8.94408
      6.71415
      21.1919
      14.4651
      4.97105
      56.9450
      16.2293
      20.1206
      16.5308
      14.1387
      12.2484
      45.7856
      12.5125
      18.3522
      10.9482
      6.12195
      12.4267
      4.32456
      50.6127
      13.6175
      31.1787
      3.32610
      7.25921
      20.6397
      20.6397
      15.5658
      12.3121
      21.4130
      21.4130
      22.4866
      16.1189
      11.1101
      8.10868
      8.10868
      32.7659
      14.3429
      4.63902
      6.80945
      7.97387
      28.6960
      16.7498
      9.34384
      4.33129
      22.0581
      23.1143
      16.9970
      11.0067
      16.2031
      30.2235
      21.5434
      9.78853
      19.5264
      7.04984
      15.5844
      2.96088
      5.18109
      5.10398
      2.75289
      16.6783
      52.1910
      12.1297
      19.5695
      7.61799
      4.21005
      11.4831
      27.0723
      17.0899
      31.6391
      23.3480
      2.54817
      7.83261
      3.19824
      31.4179
      5.29265
      10.5161
      27.7601
      6.24861
      16.1973
      15.1272
      4.11023
      13.2339
      7.57078
      7.68621
      11.7575
      47.0264
      48.5653
      16.3215
      9.59089
      2.88151
      10.9469
      45.8869
      4.10726
      8.46470
      37.2539
      15.5182
      4.17113
      19.5085
      13.2323
      6.69475
      7.77274
      2.56592
      9.94636
      9.94636
      6.37836
      6.37836
      12.0717
      10.0799
      10.8058
      17.2184
      20.6575
      19.2405
      17.0454
      10.3307
      12.2304
      20.1506
      4.46858
      12.2064
      12.2064
      83.0827
      38.4055
      18.7483
      9.28272
      8.18430
      14.1004
      14.1004
      2.95934
      2.95934
      14.5843
      6.22217
      6.22217
      1.98529
      1.98529
      11.6889
      8.25774
      8.25774
      25.3387
      25.3387
      16.9826
      14.6651
      14.6651
      14.6669
      61.3814
      12.2880
      4.57444
      11.2554
      12.3031
      12.0026
      11.8688
      6.43932
      46.2222
      11.4020
      45.0689
      6.80700
      13.3487
      15.6103
      2.24110
      11.6156
      29.8015
      14.3726
      10.6904
      17.7218
      115.088
      15.3646
      10.7058
      20.9062
      6.42098
      79.8398
      4.15192
      38.4866
      6.62801
      68.3869
      3.73204
      30.2709
      6.76710
      1.68980
      5.46145
      10.9408
      11.6002
      17.9482
      8.47315
      16.0151
      9.74311
      9.74311
      23.5093
      13.3517
      7.69638
      7.69638
      10.5785
      19.8087
      2.79947
      2.79947
      15.4438
      9.86306
      11.1812
      11.1812
      5.70795
      5.70795
      9.03548
      4.57779
      9.65894
      16.8025
      23.5736
      12.3666
      5.09851
      7.31769
      35.1188
      13.2671
      24.8869
      9.79038
      8.63886
      21.9074
      5.53666
      16.2320
      31.2087
      7.47573
      9.83106
      11.9978
      11.3284
      28.6533
      11.3994
      9.75453
      9.42762
      18.4770
      20.0417
      12.0106
      8.09388
      14.6089
      8.00024
      7.93605
      15.1624
      65.0083
      12.4382
      8.77139
      26.3875
      14.6759
      15.2240
      9.43084
      22.3644
      13.1817
      26.2828
      13.1791
      8.47527
      34.1584
      7.36107
      16.6081
      17.0465
      3.69944
      24.5076
      5.99741
      7.60966
      14.3797
      30.3142
      37.2868
      15.1812
      9.05243
      9.05243
      12.5079
      11.8568
      66.6014
      66.6014
      9.91707
      16.1506
      25.1714
      9.64870
      22.4257
      11.2368
      11.2368
      21.2903
      15.3958
      15.3958
      6.03160
      3.58941
      5.17292
      5.17292
      23.6062
      23.6062
      27.7764
      5.69381
      5.69381
      20.1984
      13.1622
      12.8739
      57.8111
      6.12246
      12.6166
      2.55439
      10.4101
      10.4101
      13.1400
      10.2775
      37.8372
      15.0076
      8.89195
      13.1056
      13.0232
      9.71161
      10.3503
      2.30254
      19.0828
      3.91694
      12.2429
      9.13714
      56.7053
      15.5011
      12.3983
      11.9772
      8.97843
      28.7764
      24.1191
      4.03857
      23.9620
      24.9671
      31.3502
      8.96862
      19.5566
      12.7658
      4.95637
      19.0047
      7.96132
      11.7637
      38.8425
      7.10166
      13.5998
      12.7436
      13.1655
      15.2353
      10.6504
      12.8217
      24.8510
      6.58904
      72.5907
      72.5907
      8.76413
      7.12401
      7.12401
      6.96483
      6.96483
      24.4536
      6.64816
      6.64816
      11.4721
      14.1728
      13.2055
      7.39820
      47.0492
      10.4949
      16.0245
      14.9927
      14.9927
      12.5281
      12.5281
      29.7003
      29.7003
      13.3499
      1.91854
      11.9487
      15.5339
      15.5339
      17.7220
      3.20965
      3.20965
      5.90474
      4.07343
      4.07343
      10.3315
      14.9298
      15.8608
      4.84566
      20.9571
      11.6109
      9.39575
      9.39575
      15.8166
      13.6945
      21.1011
      21.5266
      21.5266
      22.9694
      5.41013
      18.5286
      11.0580
      12.9453
      20.0246
      22.9534
      22.9534
      14.7038
      14.7038
      9.29690
      10.5192
      22.8124
      7.22537
      13.4926
      3.48223
      12.3405
      15.4046
      15.3476
      13.9828
      11.0711
      16.2952
      16.2952
      10.5929
      20.8221
      17.2801
      17.2801
      6.94613
      6.94613
      71.0223
      71.0223
      5.80509
      5.80509
      8.00860
      8.00860
      26.0049
      16.4162
      16.4162
      12.1203
      12.1203
      21.4672
      21.4672
      25.2940
      25.2940
      25.6179
      25.6179
      19.9958
      19.9958
      13.0902
      23.9241
      23.9241
      5.95360
      5.95360
      12.2239
      30.3395
      30.3395
      14.4560
      1.24069
      1.24069
      22.9072
      19.3997
      9.93771
      9.93771
      10.6913
      10.6913
      30.3690
      30.3690
      14.4806
      9.47274
      7.22991
      7.22991
      5.00819
      5.00819
      10.5526
      10.7912
      49.3597
      12.8563
      16.0352
      4.14049
      3.34672
      4.58669
      9.59237
      19.3048
      24.4285
      13.6602
      6.76926
      19.1039
      19.6446
      18.7927
      39.8648
      15.9773
      31.1347
      19.7543
      15.1764
      12.9221
      9.69206
      6.11129
      12.6588
      12.6095
      15.8233
      11.2698
      8.99583
      15.0155
      11.1908
      25.0015
      13.6579
      8.42725
      13.2740
      54.8846
      9.66594
      17.3429
      7.62227
      6.17657
      21.9877
      30.1529
      11.6519
      7.22814
      7.22814
      10.4609
      30.9960
      5.45182
      7.02653
      7.02653
      4.35414
      18.0492
      9.04209
      9.80424
      11.8372
      14.8291
      10.0521
      16.0823
      1.64751
      11.9411
      14.1073
      14.1073
      11.7090
      16.0779
      16.0779
      11.2411
      11.0928
      11.0928
      8.47094
      8.47094
      6.41256
      6.41256
      4.12870
      4.12870
      18.5241
      17.1793
      17.1793
      5.54445
      5.54445
      16.1897
      19.1401
      19.1401
      9.23372
      6.28013
      6.28013
      13.5729
      8.72255
      14.5333
      12.0922
      12.2836
      10.5772
      24.6293
      9.92010
      20.9178
      25.0329
      70.6303
      6.92400
      13.3068
      13.6168
      18.7671
      30.2865
      20.2638
      77.5866
      19.6332
      6.06894
      4.02017
      6.75522
      23.8108
      15.0787
      3.83505
      11.9979
      1.48084
      12.9680
      65.1940
      10.7239
      11.8435
      26.0595
      9.08150
      14.6181
      13.1592
      36.9933
      8.02004
      8.02004
      8.18732
      32.6745
      13.6011
      7.32801
      2.91929
      11.0051
      16.9652
      31.7363
      25.9549
      14.8086
      7.93728
      17.4676
      7.82211
      13.0105
      11.4817
      92.2556
      10.1848
      13.0215
      13.0215
      9.21361
      13.1281
      13.1281
      13.9116
      24.1968
      24.1968
      13.4853
      13.4853
      12.7089
      2.67467
      2.67467
      12.0024
      14.7869
      14.7869
      21.3266
      4.66339
      25.6840
      25.6840
      21.4548
      21.4548
      27.2605
      27.2605
      2.64346
      2.64346
      5.46607
      22.9419
      9.91194
      33.5832
      27.0481
      23.1310
      4.95352
      17.0539
      4.58650
      10.5886
      29.4331
      13.3642
      7.38287
      6.80543
      6.80543
      4.97029
      20.0206
      20.0206
      12.0247
      7.28678
      8.33561
      8.33561
      7.27344
      30.1318
      5.21099
      9.47711
      2.09640
      19.2287
      16.0425
      27.3298
      11.9212
      13.2016
      8.12400
      8.12400
      17.8926
      15.6036
      16.4328
      45.8350
      8.54847
      11.6211
      65.6967
      45.3576
      22.3308
      15.8501
      31.3070
      19.7940
      17.0600
      16.0242
      10.6453
      18.2722
      11.0020
      5.73874
      21.1806
      7.44049
      8.63131
      14.7003
      12.0034
      15.3599
      15.4001
      10.5496
      2.97501
      13.7715
      23.4695
      13.1420
      7.21146
      17.4902
      10.4473
      7.75227
      10.6041
      6.93330
      10.2030
      17.9403
      26.4924
      13.3734
      47.7774
      11.1977
      4.45494
      12.2137
      42.4067
      12.7409
      31.4813
      11.2607
      8.17689
      3.83043
      14.5761
      4.37182
      19.2760
      19.3139
      13.2087
      11.0026
      13.4756
      10.4180
      11.8782
      2.41747
      32.9332
      5.95796
      10.3199
      14.1616
      12.4403
      110.688
      5.63343
      31.1226
      10.6807
      6.43779
      47.2700
      28.3136
      32.3273
      6.16945
      24.7482
      32.7788
      10.2390
      10.2390
      6.92537
      3.83647
      6.40313
      49.2544
      23.9846
      47.0859
      10.1468
      24.6052
      14.8014
      3.53453
      8.10970
      17.8699
      17.8699
      10.5895
      19.0840
      21.7699
      12.7710
      3.72972
      28.2003
      8.51497
      9.62148
      12.1045
      1.60763
      7.01099
      25.5243
      12.0041
      2.91192
      10.4690
      21.3727
      19.0920
      5.43225
      15.0867
      13.1246
      13.5871
      14.4213
      25.8713
      12.7492
      7.03297
      3.60857
      7.42713
      7.76176
      6.06053
      19.3605
      23.7339
      18.0967
      9.31546
      10.0273
      10.8809
      17.0410
      15.7410
      21.1027
      15.3099
      11.9361
      3.64786
      30.8123
      9.17939
      16.9468
      9.84509
      9.06756
      14.0448
      11.3857
      21.0578
      10.0881
      13.2668
      13.4752
      32.3217
      22.1883
      16.1255
      10.4844
      22.2148
      11.0739
      14.6019
      12.0977
      19.3715
      11.8491
      53.3040
      8.99708
      21.0057
      4.61935
      23.1665
      9.14705
      10.5354
      19.2175
      10.7439
      13.8608
      26.4595
      19.2094
      6.63510
      2.30272
      17.5495
