# O[II] EW
     -9999.00
      93.7362
     -9999.00
     -9999.00
     -9999.00
     -9999.00
     -9999.00
      25.9894
      34.5733
      72.2577
      72.2577
     -9999.00
      22.2805
      34.6367
     -9999.00
      11.1687
      34.5133
     -9999.00
     -9999.00
     -9999.00
      59.6417
     -9999.00
      6.50159
      42.1017
      8.89861
      120.586
     -9999.00
      12.4648
     -9999.00
      51.5341
     -9999.00
     -9999.00
     -9999.00
      33.1811
     -9999.00
      16.2412
     -9999.00
      35.5942
      46.6112
     -9999.00
     -9999.00
      22.7842
      65.8107
     -9999.00
     -9999.00
      57.3919
      53.3187
      35.0030
      43.8220
      19.0841
      19.0841
      49.5585
     -9999.00
      42.7726
      42.7726
      46.3567
      51.4996
      51.4996
     -9999.00
      19.1420
      19.1420
      19.9474
      46.5078
     -9999.00
     -9999.00
      63.5916
      34.7826
      31.0648
      31.0648
      7.16584
     -9999.00
      26.6361
     -9999.00
     -9999.00
     -9999.00
      97.9896
     -9999.00
     -9999.00
      9.80787
      43.0819
     -9999.00
      18.6064
     -9999.00
     -9999.00
      64.1773
     -9999.00
     -9999.00
     -9999.00
     -9999.00
     -9999.00
     -9999.00
     -9999.00
     -9999.00
      27.1473
     -9999.00
     -9999.00
     -9999.00
     -9999.00
      115.477
      59.0934
      76.3686
     -1168.53
     -9999.00
     -9999.00
     -9999.00
     -9999.00
      93.1970
     -9999.00
     -9999.00
     -9999.00
     -9999.00
      13.9045
      35.6613
     -9999.00
      40.6317
      40.6317
      5.56066
     -9999.00
      35.7054
     -9999.00
     -9999.00
     -9999.00
     -9999.00
     -9999.00
     -9999.00
      15.0343
      52.1390
      5.77281
     -9999.00
      7.69680
     -9999.00
      97.9910
     -9999.00
      25.0451
      14.8756
      14.8756
      34.6919
      14.5709
     -9999.00
      135.687
     -9999.00
     -201.918
     -9999.00
      39.0316
      15.2666
     -9999.00
     -9999.00
     -9999.00
      88.4050
     -9999.00
      33.5572
      5.99482
      24.1389
     -9999.00
      9.71188
      9.71188
     -9999.00
     -9999.00
      20.9440
      66.9978
     -9999.00
     -9999.00
      80.2058
     -9999.00
      40.6641
     -9999.00
      17.6675
      20.1888
      39.8916
      70.4720
      12.6804
      58.0596
      46.2127
      21.1391
      60.9923
      55.4554
      69.9639
     -9999.00
      33.8704
     -9999.00
     -9999.00
      70.3369
      74.5221
      29.9998
      43.0428
      62.5753
      43.2340
      40.7681
      24.0100
     -9999.00
     -9999.00
     -9999.00
      24.1131
      44.9069
      37.4517
      35.8560
      83.6708
     -9999.00
      19.9950
      18.1244
      14.2377
      36.4850
      21.0243
     -9999.00
      102.665
      51.6465
      41.4617
      48.2127
     -9999.00
      10.9702
      31.6512
      47.8572
      39.0068
      52.9873
      105.094
      58.3924
      43.4010
      26.5651
     -9999.00
     -9999.00
     -9999.00
      56.5994
     -9999.00
      34.2527
      13.0542
      29.1108
     -9999.00
      60.7661
      54.8356
      86.8351
      13.7471
      24.1982
      17.1718
      25.6228
     -9999.00
     -9999.00
     -9999.00
      45.4281
      41.3655
      7.80920
     -9999.00
     -9999.00
     -9999.00
      28.5991
     -9999.00
      63.1931
      31.0225
      31.0225
      6.89631
     -9999.00
     -9999.00
      24.4484
      25.7784
      16.7616
     -9999.00
      29.1357
     -9999.00
     -9999.00
      21.7320
      23.0472
      23.0472
      104.799
      104.799
     -9999.00
      40.1558
      50.7302
      16.8087
     -9999.00
     -9999.00
      7.90118
     -9999.00
     -9999.00
     -9999.00
     -9999.00
     -9999.00
      151.582
      26.0455
      5.66724
     -9999.00
     -9999.00
     -9999.00
      39.7968
     -9999.00
     -9999.00
      56.9069
      5.57583
     -9999.00
     -9999.00
      11.2434
      11.2434
      57.8300
      60.8262
     -9999.00
     -9999.00
      29.1353
      106.159
      31.8522
      40.6851
      28.7617
      25.7567
      8.19667
      45.0674
     -9999.00
     -9999.00
     -9999.00
      70.5053
      8.69340
      48.7987
      46.4783
      5.47615
      43.1943
      30.8507
      47.7048
      33.5488
      42.4607
      33.0220
      28.4627
      16.9190
      23.0359
      58.7045
     -9999.00
     -9999.00
     0.836741
      9.80593
      43.8069
     -9999.00
     -9999.00
      16.5506
      22.5416
     -9999.00
     -9999.00
     -9999.00
     -9999.00
      32.5400
     -9999.00
     -9999.00
     -9999.00
     -9999.00
      31.4163
      31.4163
     -9999.00
      74.5430
      45.7878
     -9999.00
     -9999.00
      50.5829
      44.6920
      69.3579
     -9999.00
     -9999.00
      41.6371
     -9999.00
      107.960
     -9999.00
     -9999.00
     -9999.00
     -9999.00
     -9999.00
      26.4102
     -9999.00
     -9999.00
     -9999.00
     -9999.00
      39.2470
     -9999.00
      69.7565
      19.0001
     -9999.00
     -9999.00
      10.4764
     -9999.00
     -9999.00
     -9999.00
     -9999.00
      39.6092
     -9999.00
     -9999.00
     -9999.00
     -9999.00
     -9999.00
     -9999.00
     -9999.00
     -8.26918
     -9999.00
      52.9359
      19.9586
      43.9903
     -9999.00
     -9999.00
      29.7334
     -9999.00
     -9999.00
     -9999.00
     -9999.00
      24.1884
      29.0339
     -9999.00
     -9999.00
     -9999.00
     -9999.00
      10.1524
     -9999.00
     -9999.00
      29.2384
     -9999.00
     -9999.00
     -9999.00
     -9999.00
     -9999.00
      44.0737
     -9999.00
     -9999.00
     -9999.00
     -9999.00
      33.3647
      28.1248
     -9999.00
      42.4910
     -9999.00
     -9999.00
     -9999.00
      15.8670
      38.9274
     -9999.00
     -9999.00
      28.7756
     -9999.00
      25.4924
      33.1790
     -9999.00
      45.9647
      119.621
     -9999.00
      43.3366
     -9999.00
      59.3169
     -9999.00
     -9999.00
     -9999.00
      59.7665
     -9999.00
     -9999.00
     -9999.00
      27.7961
      66.8958
     -9999.00
     -9999.00
     -9999.00
      23.2029
      35.9909
     -9999.00
     -9999.00
      35.3875
     -9999.00
     -9999.00
     -9999.00
      79.0157
      10.5119
      33.9609
     -9999.00
     -9999.00
      17.5210
     -9999.00
      30.9620
      67.0176
      74.6958
     -9999.00
     -9999.00
     -9999.00
     -9999.00
      8.41657
      37.1100
     -9999.00
     -9999.00
     -9999.00
     -9999.00
     -9999.00
     -9999.00
     -9999.00
     -9999.00
     -9999.00
     -9999.00
      3.58435
      14.5068
      32.0961
     -9999.00
      31.3550
     -9999.00
     -9999.00
     -9999.00
     -9999.00
     -9999.00
     -9999.00
      73.5355
      41.3198
      33.6092
      24.0545
     -9999.00
      20.5566
      48.7804
     -9999.00
      64.3479
     -9999.00
      65.9961
      33.5538
      16.6482
      66.4930
     -9999.00
      18.1606
     -9999.00
     -9999.00
      37.7267
      41.9761
     -9999.00
      62.0318
      40.0478
      46.4257
      14.1748
     -9999.00
     -9999.00
      65.4681
     -9999.00
     -9999.00
     -9999.00
     -9999.00
     -9999.00
      12.9574
      16.3773
     -9999.00
     -9999.00
      11.6075
     -9999.00
     -9999.00
     -9999.00
     -9999.00
     -9999.00
     -9999.00
      56.1805
     -9999.00
     -9999.00
      12.5841
      24.0037
      7.76821
      11.6851
     -9999.00
     -9999.00
      31.2707
      58.2944
     -9999.00
     -9999.00
     -9999.00
     -9999.00
     -9999.00
      29.9264
     -9999.00
     -9999.00
      41.7702
     -9999.00
     -9999.00
      47.6110
     -9999.00
      1.90969
     -9999.00
      11.9826
      32.5831
      65.6283
      14.7884
      31.4307
     -9999.00
      21.0660
     -9999.00
      62.7788
      59.4183
      45.5346
     -9999.00
      47.5478
      18.3664
     -9999.00
     -9999.00
     -9999.00
     -9999.00
      65.0425
     -9999.00
      28.7631
     -9999.00
     -9999.00
      37.5578
     -9999.00
      16.4753
      88.5672
     -9999.00
     -9999.00
     -9999.00
     -9999.00
      39.0869
     -9999.00
     -9999.00
      49.7034
     -9999.00
     -9999.00
     -9999.00
      42.5348
      76.7739
     -9999.00
      18.4319
     -9999.00
     -9999.00
     -9999.00
     -9999.00
     -9999.00
      41.4227
     -9999.00
     -9999.00
     -9999.00
      43.7890
     -9999.00
      31.1968
     -9999.00
     -9999.00
      1.19185
     -9999.00
     -9999.00
     -9999.00
     -9999.00
     -9999.00
      133.031
     -9999.00
      10.2800
     -9999.00
     -9999.00
     -9999.00
     -9999.00
     -9999.00
      30.1228
      9.94457
      20.6857
      22.1998
     -9999.00
     -9999.00
      45.1839
     -9999.00
      15.9431
      12.8604
      24.1025
     -9999.00
      75.2443
     -9999.00
     -9999.00
     -9999.00
     -9999.00
     -9999.00
     -9999.00
     -9999.00
     -9999.00
      51.2460
     -9999.00
     -9999.00
     -9999.00
     -9999.00
      4.37192
     -9999.00
      64.8074
      11.7283
     -9999.00
      29.3037
      50.2334
     -9999.00
     -9999.00
     -9999.00
     -9999.00
     -9999.00
      19.5190
      23.3616
     -9999.00
      124.501
     -9999.00
     -9999.00
     -9999.00
     -9999.00
     -9999.00
      20.1759
      20.2683
      20.3299
     -9999.00
      19.8035
     -9999.00
      31.7562
      34.5300
     -9999.00
     -9999.00
     -9999.00
      37.1569
     -9999.00
      39.4236
     -9999.00
     -9999.00
      33.4737
      43.1938
      31.5145
      32.9578
     -9999.00
      22.3941
     -9999.00
      73.7030
      26.2665
     -9999.00
     -9999.00
      26.6337
      4.35633
     -9999.00
     -9999.00
     -9999.00
      76.0588
      27.6386
      31.9428
     -9999.00
     -9999.00
      42.1943
     -9999.00
     -9999.00
      8.20411
     -9999.00
      34.0397
     -9999.00
     -9999.00
      103.793
      15.4548
      36.4580
     -9999.00
      51.7006
      9.94796
      17.0242
     -9999.00
     -9999.00
      74.4759
     -9999.00
     -9999.00
     -9999.00
     -9999.00
      23.9798
     -9999.00
      91.9182
      11.7590
      47.9433
     -9999.00
     -9999.00
     -9999.00
      12.9684
      88.1734
     -9999.00
     -9999.00
     -9999.00
     -9999.00
     -9999.00
      33.2415
     -9999.00
      36.0720
      72.9222
      111.121
     -9999.00
     -9999.00
     -9999.00
      56.5990
     -9999.00
     -9999.00
     -9999.00
      39.4344
     -9999.00
     -9999.00
     -9999.00
     -9999.00
     -9999.00
      28.4354
     -9999.00
      42.3613
     -9999.00
      51.2143
     -9999.00
     -9999.00
      14.7577
      26.8962
     -9999.00
      26.7421
      13.7168
     -9999.00
      48.6735
     -9999.00
     -9999.00
      28.1796
     -9999.00
     -9999.00
     -9999.00
     -9999.00
     -9999.00
     -9999.00
     -9999.00
      4.93076
      155.728
     -9999.00
      55.7017
     -9999.00
      23.9428
     -9999.00
     -9999.00
     -9999.00
     -9999.00
     -9999.00
      7.78382
     -9999.00
     -9999.00
     -9999.00
     -9999.00
      43.6617
     -9999.00
     -9999.00
     -9999.00
     -9999.00
     -9999.00
     -9999.00
     -9999.00
     -9999.00
      23.8820
      22.2108
     -9999.00
      16.1747
     -9999.00
      25.6627
     -9999.00
     -9999.00
     -9999.00
     -9999.00
      22.5205
      66.2112
      51.6659
      63.3004
     -9999.00
     -9999.00
     -9999.00
     -9999.00
     -9999.00
      97.9739
     -9999.00
      25.5501
      94.8958
      5.60165
     -9999.00
      23.1487
      40.0040
      30.8704
     -9999.00
     -9999.00
      49.4001
     -9999.00
     -9999.00
      16.5810
      10.0200
     -9999.00
     -9999.00
      87.7118
     -9999.00
     -2.47005
      79.2567
     -9999.00
     -9999.00
     -9999.00
     -9999.00
      40.6304
     -9999.00
     -9999.00
     -9999.00
     -9999.00
     -9999.00
     -9999.00
      202.332
     -9999.00
      21.9219
     -9999.00
     -9999.00
     -9999.00
     -9999.00
     -9999.00
      43.6865
      52.9309
     -9999.00
     -9999.00
     -9999.00
     -9999.00
     -9999.00
     -9999.00
     -9999.00
     -9999.00
     -9999.00
     -9999.00
      33.6710
      64.1323
      25.6862
     -9999.00
     -9999.00
      32.2236
     -9999.00
     -9999.00
      51.1970
     -9999.00
     -9999.00
     -9999.00
      42.6312
      29.4354
      35.6451
      32.8754
     -9999.00
     -9999.00
     -9999.00
     -9999.00
     -9999.00
     -9999.00
     -9999.00
     -9999.00
     -9999.00
     -9999.00
     -9999.00
     -9999.00
     -9999.00
     -9999.00
     -9999.00
      36.9417
     -9999.00
      26.5026
     -9999.00
     -9999.00
     -9999.00
      61.3983
     -9999.00
     -9999.00
      32.9475
     -9999.00
     -9999.00
     -9999.00
      23.0461
      52.4647
     -9999.00
      84.8043
      102.503
     -9999.00
     -9999.00
     -9999.00
      15.0704
     -9999.00
     -9999.00
     -9999.00
     -9999.00
     -9999.00
     -9999.00
     -9999.00
      67.5678
     -9999.00
     -9999.00
     -9999.00
      34.8259
      61.0254
      67.7443
      67.7443
     -9999.00
     -9999.00
      33.1517
      6.77838
     -9999.00
     -9999.00
     -9999.00
      32.8410
     -9999.00
      18.0222
     -9999.00
     -9999.00
     -9999.00
     -9999.00
     -9999.00
      64.9620
     -9999.00
     -9999.00
     -9999.00
     -9999.00
     -9999.00
     -9999.00
     -9999.00
      61.3024
     -9999.00
     -9999.00
     -9999.00
     -9999.00
     -9999.00
     -9999.00
     -9999.00
     -9999.00
      40.3578
     -9999.00
     -9999.00
     -9999.00
     -9999.00
      87.9745
      55.7926
     -9999.00
      6.79404
     -9999.00
      74.0897
     -9999.00
     -9999.00
     -9999.00
     -9999.00
     -9999.00
     -9999.00
      4.47021
      24.2347
     -9999.00
     -9999.00
      43.3292
     -9999.00
      80.1744
     -9999.00
     -9999.00
     -9999.00
      28.7648
      16.8454
      32.8883
     -9999.00
     -9999.00
      52.9370
     -9999.00
     -9999.00
     -9999.00
     -9999.00
      43.0031
      40.7218
     -9999.00
     -9999.00
     -9999.00
     -9999.00
      11.4100
      35.9159
      63.9669
     -9999.00
      30.3414
      33.0632
     -9999.00
      38.6177
      32.7792
      39.8878
     -9999.00
      13.5875
      17.4908
      60.6977
      47.6254
     -9999.00
      22.6104
      171.616
      33.0160
     -9999.00
      14.2369
     -9999.00
     -9999.00
      75.0937
      43.2927
      12.6677
     -9999.00
      45.7466
      39.6811
     -9999.00
      37.3853
      38.5387
      20.3468
      72.8422
      65.8719
      13.3389
      87.2847
      1132.30
     -9999.00
     -9999.00
      71.3213
     -9999.00
      6.75006
      36.7785
      44.1607
      111.373
      39.1622
      18.7415
     -9999.00
      29.6175
     -9999.00
      42.3079
      36.6797
      79.8309
      49.8826
     -9999.00
     -9999.00
     -9999.00
     -9999.00
     -9999.00
      8.53017
     -9999.00
      46.1288
      40.5173
     -9999.00
     -9999.00
      28.9085
      23.8496
     -9999.00
     -9999.00
     -9999.00
     -9999.00
      28.4722
     -9999.00
     -9999.00
      60.2561
      8.13947
      58.4061
      46.0113
      70.4354
      57.2949
      61.9644
      62.0584
      51.0879
      40.2022
     -9999.00
      59.9731
      102.848
      67.7892
     -9999.00
     -9999.00
      23.6008
     -9999.00
      96.5591
      70.7638
     -9999.00
      29.9780
      89.7226
      69.2385
      4.72798
     -9999.00
      57.6621
     -9999.00
      49.2089
      37.2091
      33.5647
     -9999.00
     -9999.00
      104.819
      34.8914
      4.50586
     -9999.00
      4.14351
     -9999.00
      62.7708
      32.5940
      35.3595
      31.7483
      10.7354
      27.0689
      51.0599
      32.2774
      65.9060
      40.8688
      61.5104
     -9999.00
      38.7388
      20.4008
      50.6376
      11.2674
     -9999.00
     -9999.00
     -9999.00
     -9999.00
      20.3691
     -9999.00
      19.1674
      18.8815
      32.3693
     -9999.00
      29.9262
      21.5826
     -9999.00
     -9999.00
      50.5605
      72.6419
      24.0218
     -9999.00
      29.4785
      28.4496
      41.9781
      74.4306
     -9999.00
      17.7621
      18.0200
     -9999.00
     -9999.00
      54.3476
     -9999.00
      36.3572
      36.2463
      35.6844
      41.0022
      64.5663
     -9999.00
     -9999.00
      45.1916
      58.2510
      18.6420
      13.5541
      32.4565
     -9999.00
     -9999.00
      67.7185
      60.6763
     -9999.00
      27.3723
     -9999.00
      55.3422
      89.5463
      83.8431
      26.2518
      51.9394
      51.9394
      80.9171
      44.0630
      33.1943
      33.1943
      40.9413
      34.6188
      82.2551
     -9999.00
     -9999.00
     -9999.00
     -9999.00
      25.8249
     -9999.00
     -9999.00
     -9999.00
      15.2068
     -9999.00
     -9999.00
     -9999.00
     -9999.00
     -9999.00
     -9999.00
     -9999.00
     -9999.00
      18.7187
     -9999.00
     -9999.00
      28.7814
     -9999.00
     -9999.00
      62.6765
     -9999.00
     -9999.00
     -9999.00
     -9999.00
      37.9654
      37.9654
      46.7337
     -9999.00
     -9999.00
     -9999.00
     -9999.00
     -9999.00
     -9999.00
     -9999.00
      17.4161
     -9999.00
     -9999.00
      61.4833
     -9999.00
      38.8515
     -9999.00
      37.5078
     -9999.00
     -9999.00
      24.8007
     -9999.00
     -9999.00
     -9999.00
     -9999.00
      19.1317
      111.571
      9.81867
      9.81867
      23.8713
     -9999.00
      49.8791
      83.0032
      49.2996
     -9999.00
      62.5511
      48.7588
      33.7935
      16.6298
      58.8859
     -9999.00
      26.4093
      10.1614
      47.7468
      47.9249
      26.1492
      72.5685
      33.3738
     -9999.00
      55.9489
      39.2841
     -64.2559
      17.9237
      31.2318
     -9999.00
      7.69569
     -9999.00
      47.4317
      166.399
     -9999.00
      32.3131
      9.23869
      26.6757
      17.4664
     -9999.00
     -9999.00
      4.94718
      77.1360
     -9999.00
      37.6299
     -9999.00
      20.4133
     -9999.00
      60.1964
      44.5863
     -9999.00
      22.5309
      17.3626
      66.4074
      23.8688
     -9999.00
      26.5027
     -9999.00
      19.5138
      12.4038
      31.1659
      32.9238
     -9999.00
     -9999.00
      41.9804
      27.8781
     -9999.00
      39.1836
     -9999.00
      54.4547
      67.6894
      31.8039
      27.6286
      82.8255
     -9999.00
     -9999.00
      47.7695
     -9999.00
      14.0688
      62.4158
      9.19579
     -9999.00
     -9999.00
      95.3723
      34.8439
     -9999.00
      5.57967
      38.6776
      37.9849
      54.3000
      16.2299
      35.6554
      36.3734
      33.0420
      34.5050
      18.5944
      44.4162
      33.9169
     -9999.00
     -9999.00
      70.0293
      72.4799
      20.9373
      27.3975
     -9999.00
      39.5833
      17.4207
      50.5498
     -9999.00
      14.5618
      65.9696
      38.9267
      18.6685
      41.6788
      34.0244
     -9999.00
     -9999.00
      2.14599
      53.7685
      53.7685
      16.9406
     -9999.00
      13.6547
      49.0861
      18.3551
      63.6375
     -9999.00
      31.5942
     -9999.00
      34.3769
      19.9848
      60.2264
      29.5383
      49.2119
     -9999.00
      27.0551
     -9999.00
      30.7737
      81.6694
      28.8289
     -9999.00
      9.72184
      63.9514
     -9999.00
      22.0900
      58.0278
      22.2746
      55.2172
      12.9962
      7.87262
      49.3925
      37.0956
      24.8271
      35.8290
      24.8188
      53.3226
      45.1800
      41.9363
      30.7863
     -9999.00
      18.0996
      10.2724
      11.2865
      24.2781
      40.3186
      41.9944
      49.1140
     -9999.00
      34.1583
      16.1849
     -9999.00
      42.4543
      68.2557
      86.8458
      36.8129
     -9999.00
     -9999.00
     -9999.00
      40.6517
      2.07201
     -9999.00
     -9999.00
     -9999.00
     -9999.00
      74.2553
     -9999.00
      37.8743
      25.4715
      39.6922
      51.1538
     -9999.00
      74.8220
      11.8344
     -9999.00
     -9999.00
     -9999.00
      21.0691
      30.0901
     -9999.00
     -9999.00
     -9999.00
     -9999.00
      1.61342
     -9999.00
     -9999.00
      91.0754
     -9999.00
      64.3598
      11.7430
     -9999.00
     -9999.00
     -9999.00
     -9999.00
     -9999.00
     -9999.00
      21.7840
      34.5648
      53.2812
      16.6725
      33.1953
      21.5152
      8.79292
      55.6677
      8.99939
      52.1830
      6.35084
      18.7784
      28.5847
      55.0108
      55.0108
      40.0215
      13.2569
      34.7961
      9.86981
      63.0343
     -9999.00
      38.2451
     -146.952
      52.7690
      43.4958
      13.2709
      40.0000
      15.3704
     -9999.00
      14.6067
      44.3562
      57.6800
      7.78927
     -9999.00
     -9999.00
     -9999.00
      24.6221
      75.6313
     -9999.00
     -9999.00
      16.1734
     -9999.00
      27.2785
      37.7943
      106.238
     -9999.00
     -9999.00
      26.5781
      6.87358
      59.9351
      36.2448
      26.3101
      69.9001
      19.4818
      9.21985
      12.1320
      43.6189
      43.6189
      34.0489
     -9999.00
      59.0463
     -9999.00
      35.9612
      65.3904
      43.2818
      98.9816
     -9999.00
     -9999.00
     -9999.00
     -9999.00
     -9999.00
      88.6953
      88.7996
      23.8287
      24.1026
      6.12907
      34.6600
     -9999.00
      49.8378
      11.5580
      40.2813
      32.0485
      17.0116
      39.2469
      46.8088
    -0.374620
      2.22444
     -9999.00
      31.0607
      17.3348
      34.2570
      71.8746
      20.8343
     -9999.00
      43.3827
      21.9146
      46.5123
     -9999.00
      1.47776
     -9999.00
     -9999.00
     -9999.00
      26.0161
      25.6755
      61.6243
     -9999.00
      12.0740
     -9999.00
     -9999.00
     -9999.00
      31.2925
      24.5846
     -9999.00
      33.2882
      54.3141
      85.0171
     -9999.00
      17.1427
      43.2198
     -9999.00
     -9999.00
     -9999.00
     -9999.00
     -9999.00
      16.2835
      48.0751
     -9999.00
      119.673
      90.4690
      28.5661
      44.2177
      38.7593
     -9999.00
      42.6556
      56.0160
      56.0160
      10.7380
      16.6478
      76.8633
      30.0620
      12.9671
     -9999.00
      42.6856
     -9999.00
      29.0312
      70.0033
      59.4623
      40.1314
     -9999.00
      71.4058
     -9999.00
     -9999.00
     -9999.00
      4.10500
      21.8796
      41.3798
     -9999.00
      58.6704
     -9999.00
      56.4877
      13.5768
     -9999.00
     -9999.00
      40.9476
     -9999.00
      45.1157
     -9999.00
      45.1737
      26.5929
      46.0831
      28.4485
      8.00356
      37.7519
      26.7828
      71.4483
      42.2393
     -9999.00
      14.2128
      37.2921
      32.8114
      42.1416
     -9999.00
      25.8640
      41.9767
      49.3028
      13.7499
      21.8218
      24.8850
      28.8114
     -9999.00
      99.0528
     -9999.00
      19.2494
     -9999.00
      92.8661
      32.5360
      29.6336
      55.0215
      41.3429
     -9999.00
      75.9990
      21.6732
      58.6023
     -9999.00
      47.4363
      6.08579
     -9999.00
      53.3629
      109.844
      12.8382
      22.8755
      22.8755
      30.2493
     -9999.00
      21.6097
      68.0147
      7.65446
     -9999.00
      25.3954
      25.3954
      28.0184
      67.1102
      18.5674
      22.5680
      38.1691
      76.1009
      78.9785
      16.7796
      8.36290
      9.84148
      66.7781
      48.1275
      31.8145
      51.2455
      18.8797
      1.41752
      27.2998
     -9999.00
      40.0143
      59.3141
     -9999.00
      58.8310
      55.2714
      11.1632
      28.9980
      18.9045
      36.8305
      55.1053
      48.2317
      30.3025
      10.7426
      9.90953
      28.5715
      28.5715
      30.4777
      21.8465
     -9999.00
     -9999.00
      33.1225
      83.3437
      44.3409
     -9999.00
     -9999.00
      89.4979
      13.9720
      13.9720
     -9999.00
     -9999.00
     -9999.00
     -9999.00
      34.3495
      25.1096
      25.1096
      6.30115
      20.2251
      33.2572
      56.8584
     -9999.00
      45.1953
      31.9086
      29.7789
      50.3846
     -9999.00
     -9999.00
      40.8728
      40.6104
      65.4344
      48.1526
      48.1526
      45.9028
      70.3089
     -9999.00
     -9999.00
     -9999.00
     -9999.00
      26.4727
      10.6475
      9.17062
     -9999.00
     -9999.00
      22.1590
      40.6045
      30.7707
      45.1175
     -9999.00
      13.6852
     -9999.00
     -9999.00
      100.228
      100.228
      40.4568
      58.9387
     -9999.00
      33.5948
      33.5948
      24.2714
      5.62318
      32.4941
      65.3649
      14.3974
     -9999.00
     -9999.00
      159.474
      45.5349
     -9999.00
      78.4094
      78.4125
      15.1488
      48.8571
      26.3808
      55.8890
      55.8890
      33.5416
      82.4722
      53.4673
      53.4673
      20.4101
     -9999.00
      34.5563
      34.5563
      42.4275
      29.7202
      52.3760
      42.1529
      49.5001
     -9999.00
      10.7728
     -9999.00
      58.0346
      13.0245
      33.1720
      19.9552
      56.0963
     -9999.00
     -9999.00
      151.119
     -9999.00
      50.9406
      47.2876
      50.4738
      7.15318
     -9999.00
     -9999.00
      83.1666
      58.2406
     -9999.00
     -9999.00
      10.4103
     -9999.00
      37.5664
      21.3733
     -9999.00
      31.6798
      21.9762
     -9999.00
     -9999.00
      23.3908
      10.5056
     -9999.00
      23.5078
      49.3870
     -9999.00
     -9999.00
     -9999.00
     -9999.00
      26.7234
      109.430
      37.5073
      54.3405
      11.2702
      17.1679
      16.6131
      24.2718
     -9999.00
     -9999.00
      42.8936
      42.8936
      18.2900
      48.5631
      60.4920
      46.0461
     -9999.00
      27.1859
      27.1859
      68.3181
      44.9709
     -9999.00
      68.8405
      31.3338
      45.8097
      33.1098
     -9999.00
      57.3323
      44.4120
      55.4370
      20.0954
      4.21086
      29.9072
     -9999.00
      18.5507
     -9999.00
      7.47416
     -9999.00
      9.72006
      46.2952
      10.8391
      69.3257
      52.6405
     -9999.00
      94.2907
     -9999.00
      40.1785
      40.1785
     -9999.00
      24.9631
     -9999.00
      10.4820
     -9999.00
      23.6043
     -9999.00
     -9999.00
      97.5251
      18.0374
      32.8864
      62.8229
      36.6564
      18.0269
      46.8922
      90.9812
      68.8560
      139.477
     -9999.00
      33.6673
     -9999.00
      37.7837
      37.7837
      110.960
      63.3188
      63.3188
      62.4724
     -9999.00
     -9999.00
      49.2662
      11.4003
      29.7691
      36.9341
     -9999.00
     -9999.00
     -9999.00
      52.2450
      52.2450
     -9999.00
     -9999.00
      42.1801
      35.3778
      26.0929
     -9999.00
      40.4093
      36.4716
     -9999.00
      39.4969
     -9999.00
      64.1920
      3.05508
      44.6244
      50.1329
     -9999.00
      36.1815
      38.7892
     -9999.00
     -9999.00
      25.7544
      8.32794
      69.6550
      55.3745
      3.87679
      3.87679
      28.7208
      24.9917
      5.59233
      18.5937
      37.2378
      46.5163
      46.5163
      88.8020
      20.2857
      42.9295
      77.4956
      77.4956
      119.929
      32.8447
      41.0036
      16.5821
     -9999.00
     -9999.00
      3.80981
     -9999.00
      19.8876
     -9999.00
      15.6224
     -9999.00
      116.625
     -9999.00
      15.1236
      28.5313
      28.2626
     -9999.00
     -5.65127
     -9999.00
     -9999.00
      23.0098
     -9999.00
      27.3777
     -9999.00
      11.8225
      40.8370
     -9999.00
      34.8126
      6.95303
      49.8501
     -9999.00
      7.21740
      23.9821
     -9999.00
     -9999.00
      29.3858
      43.7360
      73.8618
      94.4265
      38.8744
     -9999.00
      9.55631
     -9999.00
     -9999.00
      4.64833
      27.9831
      21.5698
      24.1719
     -9999.00
      27.8763
     -9999.00
     -9999.00
     -9999.00
      54.6384
     -9999.00
      19.1203
      33.2662
      29.4920
      67.1607
      94.8685
      38.7994
      51.4039
      7.67250
      18.5241
      43.8433
     -9999.00
      47.0951
     -9999.00
     -9999.00
      54.1292
      7.96104
     -9999.00
      28.5884
     -9999.00
     -9999.00
      28.3553
      73.0965
      9.83073
     -9999.00
     -9999.00
     -9999.00
     -9999.00
      49.4227
      49.4227
     -9999.00
      32.0207
      34.2571
      53.3614
      29.0326
      27.3111
     -9999.00
     -9999.00
     -9999.00
     -9999.00
     -9999.00
     -9999.00
     -9999.00
     -9999.00
     -9999.00
     -9999.00
     -9999.00
      23.2383
      5.50020
      19.2086
      54.4076
      42.9092
     -9999.00
     -9999.00
      89.7518
      87.8645
      11.2800
      3.02161
      26.7534
      16.6264
      16.6264
     -9999.00
     -9999.00
     -9999.00
      52.9346
      32.2990
      31.1422
      58.8697
     -9999.00
     -9999.00
     -9999.00
      35.9148
     -9999.00
     -9999.00
      9.01494
      133.804
      44.1423
      65.1386
      18.9836
      18.9836
      71.6740
      34.3288
     -9999.00
     -9999.00
      50.5170
     -9999.00
     -9999.00
      12.2645
      29.7034
      9.38467
     -9999.00
      175.807
     -9999.00
     -9999.00
      12.7633
      67.2915
      85.3127
      34.6154
      47.2837
      6.58994
      154.868
      10.2515
     -9999.00
     -9999.00
     -9999.00
      16.6670
      1.95726
      91.4441
      36.9947
      55.8968
     -9999.00
      7.05032
      13.3321
      61.2007
      38.8481
      94.5349
      21.1275
      25.3981
      53.2606
      54.7013
      20.3088
      31.2914
      17.1891
      71.7462
      12.3810
      10.4220
     -9999.00
      19.0276
      19.2522
      51.7297
     -9999.00
     -9999.00
      39.3952
      14.3912
      22.6653
     -9999.00
      68.4501
      51.9517
      15.8556
      55.5670
      34.6663
     -9999.00
      13.9697
      43.5607
      34.7996
      7.57796
      96.2931
      55.1167
      59.6261
      55.8039
      5.91717
      30.3907
      64.8230
      32.7981
      46.9289
      20.9082
      15.5772
      76.8352
      9.10743
     -9999.00
     -9999.00
     -9999.00
      43.9273
      32.7019
      32.7019
      24.9920
      24.9920
      26.7004
     -9999.00
     -9999.00
      62.2836
     -9999.00
     -9999.00
     -9999.00
      42.3430
      37.2413
      22.6330
     -9999.00
      65.9611
      23.8736
      56.0449
      46.3286
      65.1572
      76.1957
      99.4628
      68.9366
      13.3775
      57.3965
      53.5693
     -9999.00
      18.7040
      23.5046
      82.4585
      55.2150
     -9999.00
     -9999.00
     -9999.00
      17.0709
      39.8322
     -9999.00
      28.7584
      8.85280
      6.70044
      48.2148
     -9999.00
     -9999.00
      24.4223
      27.1120
     -9999.00
      31.4160
      6.39867
      59.8302
      73.9442
      42.9898
      52.8881
      24.8362
     -9999.00
      30.3119
     -9999.00
     -9999.00
      25.1382
     -9999.00
     -9999.00
     -9999.00
     -9999.00
     -9999.00
     -9999.00
      63.8467
      80.3292
     -9999.00
     -9999.00
     -9999.00
      102.927
     -9999.00
     -9999.00
     -9999.00
     -9999.00
      49.4266
      49.4266
      58.0575
     -9999.00
      197.265
     -9999.00
      88.3194
    0.0241374
     -9999.00
      8.48064
     -9999.00
      16.9534
     -9999.00
      89.4205
      33.2189
     -9999.00
      57.5887
      70.2075
      18.1872
     -9999.00
      47.4642
      51.6998
      18.6905
      28.9455
      45.4714
     -9999.00
      23.2512
     -9999.00
     -9999.00
      54.2232
     -9999.00
     -9999.00
      45.8712
      5.86614
     -9999.00
      28.8655
      39.9658
     -9999.00
      32.8877
      26.3612
     -9999.00
      54.7307
      14.1745
     -9999.00
      26.3919
      42.8392
      5.75113
      19.8278
      24.6670
     -9999.00
      26.7630
      59.9602
      63.0793
     -9999.00
     -9999.00
      40.1917
     -9999.00
      59.0279
      67.7121
     -9999.00
      5.28210
     -9999.00
      26.3656
      6.55995
     -9999.00
      8.14368
      20.5571
      20.5571
      22.5714
      48.2662
      40.3904
      17.1834
      115.453
      7.10311
      52.4404
      80.0553
      36.9289
      47.1722
     -9999.00
     -9999.00
      58.7958
      52.6819
     -9999.00
      42.9665
      106.431
      14.3012
      38.7196
     -9999.00
      108.053
     -9999.00
      51.0339
     -9999.00
      60.1109
     -9999.00
      43.8427
      31.7998
      11.4492
      35.3081
      7.87295
     -9999.00
      37.8896
      3.86912
      20.8073
     -9999.00
     -9999.00
      35.2811
     -9999.00
     -9999.00
      18.3202
     -9999.00
      13.6412
      125.932
     -9999.00
     -9999.00
      22.6881
     -9999.00
     -9999.00
     -9999.00
     -9999.00
      38.0053
      34.3834
     -9999.00
      50.1964
     -9999.00
     -9999.00
     -9999.00
     -9999.00
     -9999.00
     -9999.00
     -9999.00
     -9999.00
      38.8516
      30.6113
      25.7136
     -9999.00
      84.6290
      16.9131
      115.847
      54.5719
     -9999.00
      6.56918
     -9999.00
      45.4119
      9.80657
      29.9744
      64.4075
      58.1708
      55.7476
      47.6282
      26.0014
      58.8683
     -9999.00
     -9999.00
      45.5509
      25.8482
      449.486
      33.9219
      42.3942
      103.652
     -9999.00
     -9999.00
      99.2331
      31.2281
      36.8552
      9.21282
      50.2175
      32.3789
      41.5218
     -9999.00
     -9999.00
      17.2714
      44.8711
      90.4675
      13.7909
     -9999.00
      9.44117
      68.4368
      14.4633
      66.2882
     -9999.00
      24.0070
     -9999.00
     -9999.00
      24.1561
      41.1274
      50.3920
     -9999.00
      75.8884
     -9999.00
      53.0139
     -9999.00
      28.0382
     -9999.00
      36.6471
      37.7834
      100.165
      55.4145
      61.4432
     -9999.00
      75.4104
      3.49105
     -9999.00
      18.4940
      16.7887
      53.4208
      33.9081
      76.0198
      4.26869
      12.6383
      34.7985
     -9999.00
      34.0618
      16.2285
     -9999.00
      59.1364
      47.6786
      64.8047
      55.9781
     -9999.00
      62.1687
      62.1687
     -9999.00
      80.0650
      13.2811
      66.1746
     -9999.00
      38.3647
      73.3023
      75.5288
     -9999.00
      55.4145
      22.0032
      26.0207
      20.5471
      10.0202
     -9999.00
     -9999.00
      32.7300
      18.3964
      7.84676
     -9999.00
     -9999.00
      80.4248
      21.5617
      21.8117
     -9999.00
      25.2981
      47.4950
      43.4421
      13.9375
      39.1213
      52.5838
      56.4375
      19.4344
      63.4801
      39.4646
      7.84052
     -9999.00
      1513.83
     -9999.00
      54.9737
      40.5379
     -9999.00
      33.3248
     -9999.00
      38.9556
      32.9704
      29.0389
     -9999.00
     -9999.00
      23.4367
      23.4367
      40.3650
      12.2788
     -9999.00
      28.0947
      32.8664
      2.23583
      2.23583
      39.0984
      27.4605
      63.9954
      17.4661
     -9999.00
      8.03692
     -9999.00
     -9999.00
     -9999.00
     -9999.00
     -9999.00
     -9999.00
     -9999.00
     -9999.00
     -9999.00
     -9999.00
      98.2531
     -9999.00
      62.5930
     -9999.00
     -9999.00
     -9999.00
     -9999.00
     -9999.00
     -9999.00
      30.0963
      57.6139
     -9999.00
     -9999.00
     -9999.00
      5.86306
     -9999.00
      50.2971
      20.9825
      40.6215
      23.3494
      93.3867
      51.6781
      51.6781
      50.3215
     -9999.00
      15.9620
      30.5211
      78.9458
     -9999.00
      31.5019
      7.66613
      62.0780
     -9999.00
      79.2647
      47.4812
      30.9287
      107.345
      31.4869
      54.3956
      36.5084
     -9999.00
     -9999.00
      65.6085
      75.3751
      5.41220
      17.4066
      66.4830
      44.3882
      15.1810
      40.2342
      20.3938
      78.3242
      16.9141
      90.0156
     -9999.00
      49.7149
      63.7545
      17.8563
      23.8642
      63.8267
      45.2545
      45.2545
      22.3874
      24.1753
      66.2453
     -9999.00
     -9999.00
      29.7572
      97.5817
      48.2949
      9.44552
     -9999.00
     -9999.00
      26.0192
      47.7858
      39.8250
     -9999.00
     -9999.00
      127.999
      68.4968
      17.1684
     -9999.00
      6.83127
      30.0773
     -9999.00
     -9999.00
     -9999.00
     -9999.00
      26.5483
      43.9418
      69.9526
      12.8437
     -9999.00
      61.8744
      42.1007
      17.8162
      85.4699
      19.0651
     -9999.00
      69.9069
     -9999.00
      79.3469
      24.0130
      35.6280
      10.7359
      10.7359
      31.0722
      31.0722
      25.4561
      25.4561
      58.9009
      76.7142
     -9999.00
      19.9585
      45.8855
      16.6747
     -9999.00
      48.1933
      22.9677
     -9999.00
     -9999.00
     -9999.00
      11.1780
     -9999.00
      63.6452
      37.2226
      46.2652
      32.8115
      39.2656
      45.2810
      62.9222
      26.9890
     -9999.00
     -9999.00
     -9999.00
      46.8994
      81.7101
      23.6777
      93.9835
      45.1480
      87.9136
     -9999.00
      14.7217
      18.7626
      71.9691
     -9999.00
      57.2530
      57.2530
      43.5548
      11.0614
      16.8096
      13.5156
      62.1854
      16.0973
      43.6044
     -9999.00
      42.3424
     -9999.00
     -9999.00
      45.7071
      34.1488
      22.0164
      16.2322
     -9999.00
     -9999.00
      43.5409
      62.0060
     -9999.00
     -9999.00
     -9999.00
     -9999.00
     -9999.00
     -9999.00
      58.3503
      7.28596
      18.4402
      52.3264
      48.0571
     -9999.00
      20.5071
      38.5673
      22.6910
     -9999.00
      46.8989
     -9999.00
      19.7006
      69.1156
      30.9123
      70.3190
      10.7695
     -9999.00
      46.0668
      18.8235
      8.67691
     -9999.00
     -9999.00
     -9999.00
      51.8586
      34.7087
      20.7428
     -9999.00
      128.835
      16.2716
      5.24174
      7.57566
      31.7667
      42.6399
      61.5664
      8.33906
      33.6199
      56.9452
      40.2260
      43.3288
      63.9132
     -9999.00
      65.4693
     -9999.00
      2.08483
     -9999.00
     -9999.00
     -9999.00
      46.6799
      15.7186
      36.4044
     -9999.00
     -9999.00
      67.3420
     -9999.00
     -9999.00
      39.4142
      29.8214
      1.53314
      99.6081
     -9999.00
      25.4801
      13.0238
      42.2664
      102.522
      43.0159
     -9999.00
      34.4910
      23.5944
     -9999.00
     -9999.00
     -9999.00
     -9999.00
      96.8768
      24.1425
      65.9946
     -9999.00
      24.1473
     -9999.00
      37.8783
      18.0895
      36.3025
     -9999.00
      28.8589
      11.0191
      13.8808
     -9999.00
     -9999.00
      32.1505
      55.8066
      47.7340
      40.1223
     -9999.00
      39.8249
      66.1529
     -9999.00
     -9999.00
     -9999.00
     -9999.00
      74.8954
      9.34753
     -9999.00
     -9999.00
      53.5779
      77.8833
     -9999.00
     -9999.00
     -9999.00
      47.6437
     -9999.00
     -9999.00
     -9999.00
     -9999.00
     -9999.00
     -9999.00
     -9999.00
      25.6525
     -9999.00
      17.4377
     -9999.00
      33.7756
      49.7096
     -9999.00
     -9999.00
     -9999.00
      5.41971
     -9999.00
      48.0457
      20.6306
      64.0925
      64.0925
      10.7589
     -9999.00
      51.1683
      29.6987
      17.9578
      45.4971
      12.2821
      35.8020
      58.7332
      37.2042
     -9999.00
      35.0606
     -9999.00
      36.0427
      41.1161
     -9999.00
      13.7791
      61.3544
      25.8119
     -9999.00
     -9999.00
      29.5351
      19.7473
      21.1419
      29.3216
     -9999.00
      34.2979
      18.9933
     -9999.00
     -9999.00
      43.9125
      43.9125
      71.2134
     -9999.00
     -9999.00
     -9999.00
      61.7114
      42.9070
      32.9048
      81.8717
      148.236
      28.0707
      11.0256
      45.4626
      71.6700
     -9999.00
     -9999.00
      44.5943
     -9999.00
      11.0207
     -9999.00
     -9999.00
     -9999.00
      74.1797
      37.2074
      67.3736
      36.2892
      47.1658
      39.2095
      23.6250
      24.8649
      16.7797
      30.6427
      33.7991
      6.90476
      7.99628
      13.5018
      38.9163
      34.1763
      34.1763
      11.0059
      26.0025
      9.58776
      9.58776
      23.4408
      23.8102
      50.1399
     -9999.00
     -9999.00
     -9999.00
     -9999.00
      23.7935
      33.6574
      77.2104
     -9999.00
      9.81516
      62.8843
     -9999.00
      27.3999
      27.0831
      105.028
     -9999.00
      48.6720
      72.6012
     -9999.00
     -9999.00
     -9999.00
      71.1131
      96.4730
     -171.650
      31.3116
      79.8838
     -9999.00
      20.9554
      85.9908
      29.4800
      42.0078
      13.1074
      72.1209
     -9999.00
      37.3639
      38.7766
      9.14721
     -9999.00
     -9999.00
     -9999.00
      58.3546
      11.6441
      30.9489
      36.9276
      24.3776
      47.4396
      59.8024
      266.936
     -9999.00
     -9999.00
     -9999.00
     -9999.00
     -9999.00
     -9999.00
     -9999.00
      51.9203
     -9999.00
     -9999.00
     -9999.00
      23.0521
     -9999.00
      27.1939
      8.63259
     -9999.00
      35.2989
     -9999.00
      31.2362
     -9999.00
     -9999.00
     -9999.00
     -9999.00
     -9999.00
     -9999.00
     -9999.00
     -9999.00
     -9999.00
     -9999.00
     -9999.00
     -9999.00
     -9999.00
      36.8179
      48.0209
      52.3653
     -9999.00
      61.1154
      8.15127
      33.2659
      51.9706
      75.7164
      29.6135
      23.3443
      69.1251
      2.47886
      60.3599
      23.3944
      49.0760
      42.5286
      16.1732
     -9999.00
      27.2433
      7.33144
      37.0599
      58.8181
      88.0019
      32.2202
     -9999.00
     -9999.00
      25.0359
      18.1253
      20.3884
      23.0065
      37.8742
      28.4138
      48.3701
      28.8072
      60.3545
      87.1532
     -9999.00
      57.4256
      35.1781
     -9999.00
      56.3847
      33.4970
      11.9588
      31.0046
      13.2361
      40.5642
      33.0915
     -9999.00
      6.43859
      31.3148
      89.0739
      8.67610
     -9999.00
      76.7345
      24.4552
      58.2299
      35.4363
      39.4514
     -9999.00
     -9999.00
      26.4893
      4.67126
      24.2332
      26.4455
     -9999.00
      78.6599
      25.2326
      111.340
     -9999.00
     -9999.00
      6.78408
     -9999.00
     -9999.00
      58.5313
     -9999.00
     -9999.00
     -9999.00
      13.5347
     -9999.00
      34.1714
     -9999.00
      5.06932
     -9999.00
     -9999.00
      21.3806
     -9999.00
      121.987
     -9999.00
     -9999.00
      57.6768
      11.2110
      33.7019
      16.4058
      22.2107
      46.6585
      9.35961
      25.6809
      46.6820
     -9999.00
      21.4052
      10.4560
      19.5877
     -9999.00
      15.0416
      30.9964
      12.7225
      25.5768
     -9999.00
      17.5523
     -9999.00
     -9999.00
      28.9319
      36.9407
      8.45246
      73.8480
     -108.236
      60.2106
      60.2106
      83.2691
      83.2691
     -9999.00
      34.3825
      30.6592
      53.4529
      50.0014
      50.0014
      51.2579
      17.1904
     -9999.00
      44.9881
      52.7906
      24.6756
     -9999.00
      27.9163
      58.6860
      55.3133
      61.2170
     -9999.00
      56.6010
     -9999.00
     -9999.00
      10.1005
     -9999.00
      29.2289
      7.45414
     -9999.00
      125.899
      83.3170
     -9999.00
      43.2135
     -9999.00
      44.8577
      8.78907
      53.8711
     -9999.00
     -9999.00
      35.6026
      61.9392
      10.1383
      64.0599
      1.38528
      39.0600
      61.0549
     -9999.00
     -9999.00
      38.4987
      30.2038
      52.8134
      52.8134
      59.7868
      59.7868
      84.3694
      84.3694
      24.7611
      24.7611
     -9999.00
      30.9093
     -9999.00
      41.8867
      42.7170
     -9999.00
      10.2997
     -9999.00
     -9999.00
     -9999.00
     -9999.00
      34.0405
      63.6031
      7.39844
      49.6236
      36.2381
      21.9999
      18.2493
      18.2493
      45.8107
      34.4425
     -9999.00
      41.3943
      44.3752
      48.7528
     -9999.00
     -9999.00
     -9999.00
     -9999.00
      35.6416
      57.9109
      41.5121
     -9999.00
     -9999.00
     -9999.00
      12.3606
     -9999.00
     -9999.00
     -9999.00
      18.9608
     -9999.00
      20.4500
     -9999.00
     -9999.00
     -9999.00
     -9999.00
     -9999.00
      20.9774
     -9999.00
      40.6102
      50.2108
      34.2491
      46.5930
      46.5930
     -9999.00
      28.1374
      59.7374
      8.46744
      8.46744
     -9999.00
      72.8338
      36.9919
     -9999.00
     -9999.00
     -9999.00
     -9999.00
      78.9581
     -9999.00
     -9999.00
     -9999.00
      56.1560
      66.2382
      65.8323
      52.4019
      20.8064
      62.9601
      24.4075
      42.4674
      8.24809
      8.51271
      26.3292
      47.3253
      14.4642
      31.6401
      27.9749
     -9999.00
      14.4674
      67.2149
     -9999.00
     -9999.00
     -9999.00
      21.2646
      86.8564
     -9999.00
     -9999.00
      71.6768
     -9999.00
      52.1558
     -9999.00
      54.6725
      20.1683
     -9999.00
     -9999.00
      14.5739
      39.3923
     -9999.00
      101.694
      24.9550
      56.9858
      28.3122
      39.3665
      59.1435
      25.8123
     -9999.00
      25.0149
     -9999.00
      20.7430
     -9999.00
      21.6710
     -9999.00
      29.3576
      19.5163
      20.8105
      75.8869
      35.2712
      8.68045
      110.094
      29.0479
      55.9159
      93.3954
      11.9612
      76.3624
      46.8603
      42.6109
      5.36717
     -9999.00
      26.1495
      27.6549
      5.07895
      63.6005
      26.4164
      53.1514
     -9999.00
      13.3662
      35.1956
     -9999.00
      41.0210
      9.79384
      3.99594
     -9999.00
     -9999.00
      39.6159
      39.6159
     -9999.00
     -9999.00
     -9999.00
      12.1240
      65.2809
      17.1886
     -9999.00
      20.7713
      31.7026
      20.7351
      11.9591
      55.3824
      59.9808
     -9999.00
      26.0420
      29.4810
      97.3627
      36.1228
     -9999.00
     -9999.00
      25.5120
      36.3856
      45.2549
      28.0521
      11.1227
     -9999.00
      39.7883
      18.4028
     -9999.00
      38.7976
     -9999.00
      79.8357
      79.1739
      36.9225
      13.6009
      49.2218
      41.1687
      9.81037
      81.6361
      54.8445
      37.5703
      79.1893
     -9999.00
      41.0131
     -9999.00
      68.7334
      30.3477
      36.5739
      17.9229
      33.0027
      3.23852
     -9999.00
      47.3812
      76.6995
     -9999.00
      3.83611
      65.0198
      65.0198
      31.8108
      40.8598
      68.5242
      68.5242
     -9999.00
      26.6109
      44.2669
      36.0755
      36.0755
     -9999.00
      54.2656
     -9999.00
     -9999.00
      20.8368
      64.0435
     -9999.00
      32.9453
     -9999.00
      36.5754
      71.5809
      24.3482
      28.4208
     -9999.00
      36.5631
      49.4221
     -9999.00
      32.1921
     -9999.00
     -9999.00
     -9999.00
      4.08278
      10.8215
      6.23399
      43.9616
     -9999.00
      36.9924
      74.4659
      14.1548
      8.31446
     -9999.00
      58.4007
      54.3572
      28.7394
      33.4862
     -9999.00
      21.7529
      7.15800
      78.8319
      13.8632
      69.8700
      52.8975
      8.23648
      50.2894
     -9999.00
     -9999.00
     -9999.00
      10.7281
     -9999.00
      40.4830
      144.285
     -9999.00
     -9999.00
     -9999.00
     -9999.00
      17.1417
     -9999.00
     -9999.00
     -9999.00
      71.2817
     -9999.00
      1.22145
      58.3620
      45.2779
      49.9629
     -9999.00
     -9999.00
     -9999.00
     -9999.00
     -9999.00
     -9999.00
     -9999.00
      24.6789
      36.7702
      36.4776
      44.8997
     -9999.00
     -9999.00
     -9999.00
      28.9926
      53.4267
     -9999.00
      62.2411
      62.2411
     -9999.00
     -9999.00
      62.0873
      24.8530
      33.6952
     -9999.00
     -9999.00
      3.91655
      3.91655
     -9999.00
     -9999.00
     -9999.00
     -9999.00
     -9999.00
      33.4013
      33.7482
      33.7482
     -9999.00
     -9999.00
     -9999.00
     -9999.00
     -9999.00
     -9999.00
      168.516
      30.2207
      9.32545
      71.3067
     -9999.00
      32.8860
      34.3733
      21.7048
     -9999.00
     -9999.00
      116.216
     -9999.00
      64.6626
      51.9914
      4.50046
      52.5020
     -9999.00
      19.5002
      37.2709
      24.6256
     -9999.00
      51.3308
      72.1991
      67.6779
     -9999.00
      74.2727
      17.3273
     -9999.00
     -9999.00
     -9999.00
      5.97539
      70.3919
      12.8090
     -9999.00
     -9999.00
      45.6268
      26.9833
      45.7071
      16.5121
      54.6617
      40.7952
      40.7952
      55.1849
     -9999.00
     -9999.00
     -9999.00
      35.7639
     -9999.00
     -9999.00
     -9999.00
      66.8499
      34.7430
      16.3022
      16.3022
      8.53077
      8.53077
     -9999.00
     -9999.00
      18.6342
      33.5350
      61.4031
      27.5148
      57.5535
      19.4603
      115.485
      41.6414
      65.3208
      33.3827
      9.29169
      13.6007
     -9999.00
      37.5794
     -9999.00
      37.9101
     -9999.00
     -9999.00
      45.8050
      57.6579
      33.2724
      7.76556
      22.6039
      51.1450
     -9999.00
      36.2458
      12.9451
      46.1430
      21.6986
     -9999.00
      48.2079
      63.9695
      37.2444
      19.4909
      55.9514
     -9999.00
     -9999.00
      25.0054
      61.1431
      75.8069
      74.1169
      41.8759
      29.0060
     -9999.00
      22.5898
      49.5453
      64.1459
      10.7088
      49.7005
      10.4668
      11.8287
      60.3073
     -9999.00
      66.4595
      46.7458
     -9999.00
     -9999.00
      38.2550
      20.6501
     -9999.00
     -9999.00
      37.1406
      40.1523
      64.0679
     -9999.00
      65.1575
      11.1929
      11.1929
      55.2009
      59.1304
      59.1304
      11.7244
      3.59244
      8.43441
      8.43441
      64.8659
      64.8659
      39.9580
      13.5791
      13.5791
      41.6297
     -9999.00
      38.5332
     -9999.00
      12.4650
      22.6608
      10.2128
     -9999.00
     -9999.00
      46.2467
     -9999.00
      75.3601
      33.8834
     -9999.00
      40.1522
     -9999.00
      16.4097
      19.9700
      6.40703
      57.0282
      7.64335
      23.7341
      29.2072
     -9999.00
      62.7699
      32.9670
      22.8494
      24.0435
      88.8629
      54.8916
     -9999.00
      46.6702
      66.7149
      41.4222
      47.8013
     -9999.00
      34.1280
     -9999.00
      51.0999
      25.1568
      35.2483
     -9999.00
     -9999.00
      32.1633
     -9999.00
      52.1066
      18.1902
     -9999.00
      35.6332
     -9999.00
      19.4185
      103.778
      103.778
      36.0084
      33.2011
      33.2011
      13.2168
      13.2168
      77.4977
     -9999.00
     -9999.00
      31.8479
      38.7102
     -9999.00
     -9999.00
     -9999.00
      13.9645
      38.4922
      32.2560
      32.2560
      43.2597
      43.2597
     -9999.00
     -9999.00
      47.2715
     -9999.00
     -9999.00
      38.3763
      38.3763
      43.2344
     -9999.00
     -9999.00
      9.30222
     -9999.00
     -9999.00
     -9999.00
      32.0847
      30.2586
      27.4148
     -9999.00
     -9999.00
     -9999.00
     -9999.00
     -9999.00
     -9999.00
     -9999.00
     -9999.00
     -9999.00
     -9999.00
     -9999.00
      46.6403
      20.7828
      35.5840
     -9999.00
     -9999.00
     -9999.00
     -9999.00
     -9999.00
     -9999.00
      41.5797
      111.638
      12.3572
     -9999.00
     -9999.00
      12.6982
      30.6718
      36.5059
     -9999.00
      28.6469
     -9999.00
     -9999.00
      33.6080
     -9999.00
     -9999.00
     -9999.00
      17.0178
      17.0178
     -9999.00
     -9999.00
      12.5960
      12.5960
      19.6327
      19.6327
      34.5409
      47.2364
      47.2364
      46.3595
      46.3595
      38.3211
      38.3211
      66.6360
      66.6360
      61.0725
      61.0725
      44.9383
      44.9383
      20.1854
      64.1240
      64.1240
      9.49343
      9.49343
      35.8806
      79.3057
      79.3057
      34.5946
      4.68639
      4.68639
      77.1479
      61.3491
      25.9700
      25.9700
     -9999.00
     -9999.00
      86.8896
      86.8896
      26.8713
      34.8097
      16.0166
      16.0166
      16.0984
      16.0984
      44.5997
     -9999.00
      72.3141
      65.5661
     -9999.00
      11.0630
      8.30417
      29.2349
      14.5212
      72.0012
     -9999.00
      50.6330
      9.13795
      77.9488
      34.8920
      44.2847
      76.3178
      51.3556
      92.8350
      46.0621
      50.0467
      44.5278
     -9999.00
      49.8359
      18.9080
      41.4454
      50.7489
     -9999.00
      13.1887
      66.1803
     -9999.00
     -9999.00
      52.0821
      13.1939
      34.3121
      69.2796
      12.7093
      41.2551
      15.6941
      24.0462
      52.4999
      37.4517
      39.7566
      14.4463
      14.4463
      22.8862
     -9999.00
      36.9924
      23.4455
      23.4455
     -9999.00
      58.7754
      30.1182
      23.8879
      24.9720
      17.1947
      19.3217
      56.5574
     -9999.00
      39.7481
      47.3619
      47.3619
      27.0990
      50.8254
      50.8254
      7.33437
      25.4559
      25.4559
      20.8647
      20.8647
      7.69580
      7.69580
      7.37952
      7.37952
      61.5892
      59.9010
      59.9010
      13.2459
      13.2459
      37.8623
      56.0579
      56.0579
     -9999.00
      8.45938
      8.45938
      21.2907
      28.8663
     -9999.00
      38.5435
      15.4468
      55.6447
      100.865
      34.7526
     -9999.00
      68.5465
      86.6766
     -9999.00
      36.6151
     -9999.00
     -9999.00
      47.3745
      49.0510
     -9999.00
      75.0528
      16.3118
      49.9599
      17.4856
      76.5581
      35.9830
     -9999.00
      19.6685
      3.26759
      52.6007
      96.8806
     -9999.00
      31.7752
      74.0526
      25.5164
      36.5011
      66.2678
     -9999.00
      6.89816
      6.89816
      28.3845
     -9999.00
      65.4461
      8.80658
      8.13002
      54.0784
     -9999.00
     -9999.00
      18.9298
      42.9111
      6.15914
      48.9289
      20.0878
      53.0892
      22.2666
     -9999.00
      15.8924
      32.2595
      32.2595
      24.3274
      18.3653
      18.3653
      21.7200
      75.2876
      75.2876
      37.9776
      37.9776
      44.2190
      2.18835
      2.18835
      24.9714
      38.0797
      38.0797
      44.3625
      16.5622
      45.8914
      45.8914
     -9999.00
     -9999.00
      66.3583
      66.3583
     -9999.00
     -9999.00
      12.1922
      15.8842
     -9999.00
     -9999.00
      54.1676
      77.8923
      25.6303
      39.7845
     -9999.00
     -9999.00
      48.2257
      32.0293
      27.2910
      35.4628
      35.4628
      15.0757
     -9999.00
     -9999.00
      64.9080
      14.4341
      32.3991
      32.3991
      13.7803
      63.9017
     -9999.00
     -9999.00
      2.75706
      63.1180
      30.5546
      59.8698
      54.7902
      48.7410
     -9999.00
     -9999.00
      50.3703
     -9999.00
     -9999.00
     -9999.00
     -9999.00
     -9999.00
      71.8807
      58.2871
     -9999.00
      28.0834
      62.3945
      54.9016
     -9999.00
     -9999.00
      68.6168
     -9999.00
      31.7317
     -9999.00
     -9999.00
     -9999.00
      42.2114
      99.3112
     -9999.00
      58.2791
      26.3732
     -9999.00
      8.01217
     -9999.00
      104.198
     -9999.00
     -9999.00
      15.5179
      27.5864
     -9999.00
      27.4380
      32.5912
      58.8251
      48.3674
      92.6408
      43.9445
      48.4833
      12.1348
      9.46126
      40.4814
      72.0111
      25.7669
      94.2402
     -9999.00
      13.1438
      2.96099
     -9999.00
      10.9163
     -9999.00
      59.9078
      51.6634
      29.9697
     -9999.00
      19.4809
      23.3075
      4.93195
     -9999.00
      27.9451
      36.9172
      26.7485
      25.5405
     -9999.00
     -9999.00
      75.4878
     -9999.00
     -9999.00
      97.5841
      63.1464
     -9999.00
      14.4649
      39.8111
      88.6429
     -9999.00
     -9999.00
      13.3429
     -4.98037
     -9999.00
     -9999.00
     -9999.00
     -9999.00
     -9999.00
     -9999.00
      28.2480
     -9999.00
      24.0693
     -9999.00
     -9999.00
     -9999.00
      51.0818
     -9999.00
      48.7958
      7.73996
     -9999.00
      47.3619
      28.2285
      36.2909
     -9999.00
     -9999.00
      39.2829
      32.5676
     -9999.00
     -9999.00
     -9999.00
      70.0453
     -9999.00
      49.2606
      32.9299
      27.0996
      20.6729
      64.0364
      34.7128
      21.5886
     -9999.00
      11.8693
      16.5132
      12.8695
      50.8763
      65.3540
      42.9002
     -9999.00
     -9999.00
     -9999.00
      45.0944
     -9999.00
     -9999.00
     -9999.00
      26.7523
     -9999.00
      99.8669
      28.2349
      31.7499
      36.0501
     -9999.00
      46.8045
      42.2647
      61.6829
      21.1793
      23.4673
      30.6561
      69.3612
      57.5177
      62.7342
      16.4628
     -9999.00
      35.8271
      54.6304
     -9999.00
      38.2480
     -9999.00
      83.2948
      19.3081
      43.2306
      11.7541
      36.6439
      79.8803
      17.4607
      48.5387
     -9999.00
     -9999.00
      40.9654
      34.6026
     -9999.00
      1.49254
      58.4514
