# O[III] EW / H beta EW
      2.93940
     -220.328
      3.37759
    -0.385110
      2.83173
      1.02090
     0.675817
      1.62619
      1.49638
     -618.247
     -618.247
      1.74547
     -830.047
     -620.654
      1.68028
     -1591.88
     -906.829
      1.89943
     -1089.87
     0.487580
     -364.776
      5.86160
     -2621.81
     -592.241
     -2118.48
      3.50433
      2.04608
     0.710984
      1.90350
     0.867404
      1.33888
     0.476154
     0.496283
      6.63484
      3.68354
      1.18744
      3.52489
      2.84132
     0.669628
      1.08415
     0.529575
     -971.072
     -1542.37
     -2341.79
     -2341.79
      1.33191
     -693.879
     -639.079
      1.00788
     -1066.83
     -1066.83
     -614.319
     0.761194
      1.37537
      1.37537
      3.08192
      2.44348
      2.44348
     0.750396
     0.211297
     0.211297
      1.06188
     -643.796
     0.938903
      3.64537
     -476.203
     0.975127
     0.605092
     0.605092
    0.0540649
     0.600044
     -1120.46
      1.24278
      1.15688
     -1361.13
      2.00390
      2.63995
     0.693559
    -0.417334
     0.711964
      3.25987
     -1231.75
     0.482152
      2.32952
      2.18672
      1.11214
     0.986827
     0.144724
     0.606696
      1.40257
      3.91425
    -0.187888
      2.20309
     0.916072
     0.791342
      5.05958
      1.13136
      1.18341
     -753.603
     -407.345
     -619.870
      1.69633
      1.78569
      2.50534
     0.345502
     -535.686
     -805.288
     0.920376
     0.920376
     0.920376
      1.09496
      1.25222
     -895.339
     -3365.15
      1.88543
      1.88543
     0.177985
      1.82377
     -457.024
     0.469894
     0.623256
     -687.314
     -492.875
      4.34167
     0.845305
      1.79814
      1.78622
     0.241860
      1.32799
      2.07955
      7.58482
      2.59024
     0.528065
     -1066.78
     0.417097
     0.417097
      1.47979
     0.390154
      5.12421
     0.217082
      4.14790
     -1066.44
      1.49572
     0.899769
     0.317242
      1.38158
      2.49294
     0.132155
     -454.248
     0.742029
     0.819049
     -1813.41
     -813.584
      1.93555
     -1802.40
     -1802.40
      1.72943
      1.49146
     -870.663
      1.95281
     0.610935
     -982.644
     -527.875
      5.56015
      1.57527
      5.51101
     -953.358
      3.09557
      2.01447
      3.47738
     -2816.41
      3.51015
      1.03213
     0.954004
     -343.954
      3.48735
     -380.355
     0.457748
     0.735988
     0.590047
      2.06375
     -525.677
      2.68704
     -681.933
     -443.193
      1.39880
     -925.141
     0.953098
     -1146.34
      3.84048
      3.84048
     0.846346
     -948.197
      1.88342
     0.518309
     0.236207
      4.14748
      2.75872
     0.534251
     -1101.06
     0.917629
      1.42025
     -670.196
     0.200475
     -638.355
     -525.038
      1.02955
     -334.453
     0.813463
     -1146.25
      1.89774
     -565.038
      1.78342
     -893.708
     -710.747
      2.95581
      1.95429
     0.519553
      2.50013
      2.24910
   -0.0585993
     -443.588
     0.398062
     -955.481
     -870.523
     0.921741
    0.0452960
      2.40644
      1.65074
     -478.718
     -1137.35
      1.13197
      1.36428
     -978.514
      3.56621
     -955.425
      1.05561
      4.37192
     -858.977
     -1150.06
      1.56449
     0.235754
      3.74743
      10.1692
      2.68427
     -517.349
      1.32371
      1.32371
     -1374.34
      4.34086
     -4034.07
     0.449593
     0.379948
     0.540811
    -0.412540
     0.711357
     0.512342
     0.654549
     0.569030
     -906.305
     -906.305
      4.20938
      4.20938
      1.73631
     -733.407
      1.62543
      4.48903
      1.27493
     0.144443
     -2225.95
     0.753267
      3.35434
     0.759839
     0.265404
     0.265404
     0.922394
     -948.326
     -1766.28
      1.72570
      1.72570
     0.419423
      1.66268
      2.02082
      1.57461
     -339.768
     0.379990
      2.61702
      2.88786
     -4797.53
     -4797.53
      2.43304
      2.33177
      3.23898
     0.471306
      1.08358
      4.00607
     0.499497
     0.774330
     0.877806
    -0.630857
    -0.323686
     -741.806
      2.22820
    -0.125698
    -0.125698
      2.26079
     -2676.87
     0.999967
      2.34267
    0.0642032
      2.91241
     0.558414
     -489.694
      1.66077
     -803.422
      1.23949
     -927.474
     -1895.74
     0.558621
      6.36879
      2.34750
      2.34750
     -1627.57
     -1686.13
     -619.241
     -496.739
     -496.739
     -1254.50
     0.961414
     0.672538
      1.12752
      1.95058
     -620.962
      1.40422
     0.910015
     -1277.95
     0.810658
      1.90942
     -993.769
     -993.769
      2.60702
     -409.362
     -558.715
      1.87197
    -0.381388
     -737.912
     -446.369
     -377.454
      2.50713
      1.11530
      4.49525
      1.16939
     -569.691
      2.48553
      5.03987
     0.321789
     0.216157
      1.59745
     0.339882
     0.748668
     0.954354
      1.85875
      2.07945
     -756.853
     0.762902
     -373.523
     -1855.36
      1.34833
      1.21335
     -846.940
      1.12393
      3.69026
      1.19855
      2.92136
      1.94183
      2.29770
      1.71281
      1.60215
      1.56257
     0.287072
     0.155009
     0.500833
     0.472796
      1.88178
     -657.369
     -821.198
      2.46320
     0.223236
      3.00647
      1.21826
     0.606727
      3.70810
      3.94751
      4.36765
     0.323164
     0.964096
      5.60786
      2.26160
      2.38589
      1.54429
     -1915.58
     0.538369
     -271.059
     -944.616
      2.62717
      1.43211
     0.532482
     0.432319
     0.967741
     0.974830
     0.129846
     0.861642
     0.554804
      1.77381
      3.45002
     -747.964
      1.66259
     -546.208
     0.697575
     0.583499
      6.44555
     -1344.64
     0.855107
      4.21587
      1.71836
     -794.705
      3.24344
     -1648.94
     -773.010
      3.68075
     0.997538
      3.18990
      3.97017
      2.34671
     0.620930
     -719.052
     0.417083
     0.501901
     0.699798
     -543.747
     0.306862
      1.84504
     0.690151
     0.911494
      3.71531
      3.92978
     0.982370
     0.430947
     -1056.11
      1.17778
     0.786766
      1.22219
      1.17868
     0.288301
      5.81417
     0.364500
      3.42840
     0.845332
      3.20827
     -1348.58
      2.15693
     0.360611
     0.911505
     -578.977
      4.50155
     -296.155
      1.26533
     0.870526
    0.0735352
     0.188176
     0.570654
     -610.870
     0.402620
     -1711.42
      5.80739
      3.07280
     0.382541
      1.46266
      1.27851
      1.77241
     0.528701
      1.06022
     -2980.43
     -1459.89
     0.381256
     0.396666
      1.10152
     0.127906
      1.97459
      2.67175
     0.712654
      1.37103
      1.83009
     -757.476
      1.92357
     -888.782
     0.652002
      2.55223
     0.165778
     -623.634
      5.97534
     -768.001
     0.536945
      3.41310
      1.55277
     0.279321
      3.77189
      1.46983
     -1217.88
      2.91886
    -0.168466
     -907.629
     0.929358
      1.78289
      3.33174
      1.16048
     -485.358
     0.185094
     0.592827
      3.11499
     -354.315
     0.439491
      2.10636
      2.31781
      1.61515
      3.05762
      5.18087
     0.283855
     0.445120
      3.79851
     -1231.83
      1.46684
     0.623586
      2.43971
     -256.398
      2.46041
     -833.480
      1.74550
      4.11762
      2.79409
      1.84525
     -969.819
     -1137.96
     0.375570
     0.823791
     0.668222
     -1375.35
      1.96970
     0.539137
     -3209.04
      1.50158
     0.705457
      1.50058
     -857.428
     0.604044
      2.75476
      1.73350
     -518.293
      1.81479
     0.893002
     0.940195
     -2884.69
     0.609955
     -1643.02
      2.40349
      5.10033
     -782.708
     0.609155
     0.700947
     -1.03030
      3.48395
     -429.044
     -151.240
      3.01437
      2.76528
      4.11491
      2.23116
      2.10964
     0.449032
     -1506.20
     0.217028
      4.30074
      1.25584
     0.327896
      1.28651
      2.40838
     0.941821
      1.81653
     -988.871
      1.65796
      2.74895
      2.58503
      1.81574
      4.55782
      1.67109
     0.697840
      2.36807
      1.60503
      12.0386
      1.52833
      1.20592
     -636.058
      1.87889
      2.72872
     0.403644
      2.25811
     0.489414
      5.76313
     0.474532
      1.21652
      1.34213
     0.631414
      2.25245
      3.72758
      1.17484
      8.01337
     -802.083
    0.0600394
     0.467628
    -0.304706
      3.95240
     -865.205
     0.972843
    0.0797942
     -531.804
     -83.7051
      2.35471
     -1775.52
      4.97277
    0.0848688
      1.52389
      1.17998
      1.76286
     0.880834
    0.0562990
      1.08935
     0.981250
      1.33943
      1.30952
      1.36242
      1.81711
      1.07494
     0.473181
      1.35051
     0.259230
      5.20267
      3.01364
      2.71472
      2.17370
     0.355564
     0.468051
     0.457417
     0.495164
      1.01315
     0.935566
      2.95253
     0.898662
      2.98505
      4.49248
     0.413654
      3.15954
      2.29941
     -2184.82
     0.435478
     0.846623
      1.62609
   -0.0751508
     0.561561
      2.00498
      4.40559
      1.46076
     0.726672
     -1054.70
      1.66120
      3.94527
     0.596726
     0.888203
      3.54567
      2.12186
      1.91830
      9.45686
     -800.995
      1.69506
      1.35643
     0.812444
     0.596243
     0.955937
     -685.585
      2.60455
      3.23740
      2.29212
      1.09882
      1.15943
     0.671004
     -5135.70
     -1134.02
     -882.391
     0.277085
     0.214795
      1.21882
     0.802608
     -1582.61
      2.66905
     -628.440
      2.11969
     0.721371
     -745.672
      1.17130
      1.29937
     -2317.74
      3.76661
     -1951.72
     -847.605
      1.93616
     0.574869
      1.61379
      1.10212
      1.08838
    0.0794866
    -0.217884
     0.777682
     0.408432
     0.795011
     0.541594
     0.319496
      3.61922
      7.49696
     0.715703
      1.67740
      2.27783
     0.303258
     0.125554
      1.42441
      2.84731
      1.43076
     0.771856
      4.02066
      4.89453
     0.151933
     0.734104
     0.720862
     -182.829
     0.387055
      1.46097
      1.71888
     0.294483
      1.71408
     -1047.49
     0.920073
      1.20970
     0.300586
     0.642239
     0.666457
     -643.626
     -1147.20
      3.12668
      1.43002
      4.13790
      1.87255
      4.22607
      4.89359
      1.16930
      2.76284
     0.764324
    0.0614299
     0.260436
      1.37805
      1.35691
     0.548411
     0.141968
     0.610163
     -435.019
     -988.997
     -4126.58
     -709.722
      3.30382
     0.532743
      1.38035
      1.32029
      1.76089
     -891.003
      1.34923
     0.850140
     -1337.47
      1.31040
      2.74108
     -433.705
      1.36230
      1.48443
     -816.401
      2.89141
     0.939707
     0.503385
     0.272742
      1.70522
      2.54966
     0.493972
     -188.783
     0.315247
      1.73468
      1.15639
     -2333.27
     0.627239
    0.0637433
      3.60344
      1.39195
     0.793995
     0.354641
     0.831356
     0.259938
      3.49920
    -0.156140
     -755.298
      2.48842
      4.16585
     0.722966
     0.654454
      6.62017
      1.38973
      3.10760
     0.522398
      4.11407
     -1353.47
      1.15853
     -1169.68
      1.65911
      2.36233
      1.46158
      1.74017
      1.54044
     0.468753
      2.07610
      4.38306
      2.64595
      1.25188
     0.966733
      1.98059
     0.517304
     0.165948
     0.389758
     0.920160
      1.77319
      3.54748
     0.717149
     -2222.49
     0.928811
     0.534929
      1.93760
     0.342086
      1.50709
      1.66019
      2.43050
      2.13660
      1.50385
   -0.0513203
     0.409061
     0.281736
    0.0380892
     0.740760
     -1036.73
     0.424184
      3.00052
      6.01956
      1.05812
      1.41651
    -0.144835
     -854.833
      3.78312
      1.78509
      2.60252
     0.622192
      1.00253
     0.643375
      5.17156
     0.559829
     0.664752
     0.165206
     0.519638
      1.00276
      1.14997
      4.09172
      1.53439
      3.17956
     0.485551
      1.38203
      2.25339
     0.843805
      4.18923
     0.444250
      2.88229
     0.722335
      2.99610
     0.110265
     -952.449
      1.83619
     -934.232
      1.69144
     0.308108
     -895.746
      7.01904
      1.23397
      1.48464
      1.98492
     0.878466
      8.29160
      3.28772
     -1517.00
      4.29888
     0.918203
     0.782950
      2.06657
     0.944082
      3.29310
      2.40849
      2.61063
      1.33105
      1.86136
     0.620092
    0.0594588
      2.75553
     0.348156
      2.80473
     0.111521
      1.07249
     0.727794
      2.11733
     -876.537
      9.30469
     0.562855
     0.366334
      1.57672
      1.18296
      1.35040
     -1151.54
     -549.460
     0.588380
      6.75896
      1.60200
      3.77505
      1.07853
     -307.016
     -229.476
     0.889844
     0.177492
      1.49126
     -1024.56
      1.41333
     0.268558
     0.607315
      1.44014
      5.40020
     -826.171
      1.20057
     -709.441
      2.61568
    -0.114699
      2.35885
      1.22112
     -525.197
     -366.016
     -366.016
      1.89341
     0.911299
      3.23227
     0.771469
      1.34003
     0.838775
      4.15328
     -974.281
      2.02117
     0.542414
     0.542828
     0.235048
      1.51060
      1.68924
     0.804953
      2.72078
      2.11508
      1.59307
      1.46821
      2.71100
     0.346709
     0.278965
     0.491904
      5.85090
      2.52151
      1.85942
      1.31938
      3.76731
     0.834080
     -589.891
      1.20091
      2.74897
     0.529482
     0.169553
      1.26190
      1.72184
      2.83549
      4.66553
      3.47281
     0.776173
      1.32733
     0.932205
     -403.381
      2.79397
      2.79397
     -592.431
     -592.431
     0.184490
      5.06361
      4.61941
     0.604129
      1.58075
     0.710179
      5.44817
      1.01763
      3.13640
     0.483180
     0.927045
      1.99253
     -1201.23
     -1300.92
     -686.612
      3.51420
     0.346014
     -580.733
      2.35431
      1.54452
      1.34611
      1.17412
     -785.465
     -1167.52
     -477.996
      3.33905
      2.56145
     0.459395
     0.693776
     0.838215
      2.68126
      1.12764
      1.02470
      1.47546
      1.01773
      2.08064
      1.16139
      1.13851
    0.0694683
   -0.0274952
     0.532614
      5.71856
      1.90597
      1.03077
     0.656580
      1.91403
     -1126.15
      1.93868
     -1522.06
      1.32072
      1.47733
     -318.386
     0.552836
     0.853921
      3.13354
      1.96350
     -2165.81
      3.63199
      1.20116
      1.75974
     -918.991
      2.03995
     -363.372
     0.343328
      4.60950
     -396.880
      4.54354
      4.68630
     -682.995
    -0.209666
    -0.258512
     -1013.75
     -801.988
      7.15932
     -489.848
     -1220.08
      4.96788
     -1471.49
    -0.107248
     -779.379
      2.48762
     -504.849
     -816.794
      3.86897
   -0.0478180
      1.07583
      3.25582
     0.517603
     0.155574
      4.08895
     -490.328
     -912.031
      1.86342
     0.830580
      1.73201
     -865.345
     0.120571
      1.32568
  -0.00570610
     0.658729
     -263.391
      2.27934
      1.12431
      1.34148
     0.409796
      3.90860
      4.17457
      2.00445
      2.07144
     -520.016
      3.96401
     -666.398
      1.39846
    0.0855836
     -627.472
      2.66906
      4.53512
      2.70960
      2.01575
     -1101.78
      5.09901
     -129.732
     -330.942
     0.865493
     0.667596
      2.64292
      1.56690
    -0.197051
     0.881389
     -894.210
     0.468203
     -532.836
     0.733774
      1.69498
      3.21848
      1.55955
     -215.697
     -758.804
    -0.171208
     0.614524
      1.74857
      1.84666
     -562.678
     0.531327
     -736.547
     0.329513
      1.65449
     0.163589
     0.970146
     -1014.49
     -841.611
      1.98111
     -518.951
      3.04286
      3.26467
     0.828055
      1.73263
     -1359.12
      1.24207
     0.635610
     0.548820
     0.635813
     0.975682
      2.07605
     0.864794
     0.306380
     0.186974
      1.44084
      1.15647
     0.229935
      1.59482
     0.871506
     -511.518
      3.80333
      1.55762
      3.59070
      1.44997
      1.19654
     0.546751
      1.17901
      1.31420
      1.91985
      2.17361
      3.79095
     0.810402
     -385.215
      1.16165
     0.873300
     -585.320
     -733.071
     -735.818
     -529.020
     0.728087
     0.409430
     0.422754
     -629.188
     -951.644
     -2090.23
     -854.832
      4.25185
      2.79730
     -516.354
      4.56317
     0.254380
     0.809494
     0.775788
      1.65312
     0.606456
      4.78803
     -1161.92
      2.28571
      2.28571
     -833.601
     -640.061
      1.36445
      1.36445
     0.976979
     -739.157
      4.87291
     0.747557
     -673.402
      1.31109
      1.75965
      1.82335
      1.07888
      1.07888
     0.607384
     -1669.96
      3.57509
      3.57509
      2.62887
      2.62887
     -730.240
     -730.240
      1.76717
      1.76717
     0.334829
     -4890.55
     -4890.55
    0.0252221
      3.60624
      3.60624
     -327.573
     -721.788
     -744.315
     -2771.38
     -2771.38
     -565.922
     -565.922
      2.09422
      3.55546
     -197.340
     -197.340
     0.802607
      1.50392
      2.32328
     0.949926
     -3206.51
      1.00258
      1.00258
      2.88911
      5.86913
     -1108.69
      2.83544
     -513.141
      3.98072
      3.98072
     -873.660
     -2041.33
     -2041.33
     -504.987
      1.29810
     0.548906
     -106.870
     -1950.32
     -1950.32
     0.854230
     0.437552
      4.28790
      3.02004
     -1556.15
      2.83933
     -652.027
     -820.800
     0.695053
     -2493.93
     -865.932
     0.473184
      2.28224
     -1165.35
     -583.633
      1.41483
     -1250.06
      2.31244
     -1165.40
      1.83700
      1.84364
      2.30153
   -0.0776672
     0.247536
     0.866443
      3.05222
     -3227.64
     0.324689
     -380.872
      4.98111
      2.17292
      5.07667
     -1492.01
    -0.100671
     0.226877
      4.21154
     0.469240
    -0.232303
     -356.386
      1.24556
      2.23554
      5.12469
     0.433050
      1.44010
     -643.959
      2.87494
     0.532136
     0.523287
     0.423017
     -453.115
     0.646903
      2.88705
      1.16318
      2.69871
      4.48170
     -1678.24
     -929.073
      1.30926
      1.06377
      3.52552
     -1379.52
     0.537533
     0.547579
     -805.447
     0.928658
     -612.789
     -301.973
     -1283.95
     -1687.07
     -473.711
      1.70212
   -0.0673842
     -959.468
     0.918722
     0.792511
      2.62294
     0.678110
     0.284798
      2.64066
      4.53743
      1.69242
      2.05938
    0.0244242
      1.87201
     -641.326
      2.16699
      1.34780
     0.679733
      1.37756
     0.712014
     0.662758
     0.760942
      2.96068
     -654.608
      1.30301
     0.715759
      1.79917
      3.65131
      1.81264
      1.58888
      1.12280
     0.953334
      1.31474
      2.13875
     0.691139
     0.233554
     -187.987
     -751.523
     0.400076
      2.45512
     -834.234
     0.813004
      2.14407
     -2564.18
     -620.678
     -620.678
     0.974277
     0.722401
     -1021.30
     -606.964
     -1596.51
      1.87002
      5.60998
     0.639965
     0.298080
     0.189577
     0.612097
      2.56411
     -477.686
     -549.011
     0.634854
     -1160.55
      1.44052
     0.465425
      3.81902
     0.764421
     0.864024
     0.527065
      2.53707
      1.16193
     0.235456
      2.20700
     -1568.13
      2.06349
     0.655869
     -1641.97
     0.961613
     -1124.78
     -889.484
     0.796406
     0.607199
      1.56115
      2.23430
      2.58613
     0.856405
     0.664926
     0.799253
     -2475.42
     -2175.36
     0.495426
      2.85231
      1.88058
     -650.501
      1.44646
      2.51114
     0.214344
      5.76488
     -1513.34
     -379.596
     -236.068
     -1092.29
      9.13733
      1.63813
      3.14991
     -986.947
      4.70190
     -373.763
     0.560952
     -384.947
     0.764726
      3.09197
     0.592792
      1.20831
     -897.507
     -1011.98
     -672.996
     0.848081
      4.23796
     -2425.20
      1.21588
    0.0823522
     -2575.46
     -1385.51
     0.970614
      6.09300
     -763.176
      1.04188
      3.21812
     0.876596
      1.28027
      1.57511
     -397.357
      1.98355
      5.04155
     0.106619
      2.62186
      2.47667
      1.68814
     -1608.24
     -1317.91
      4.81999
      1.04540
     0.870111
      1.79469
     0.284343
      1.09756
     -1064.36
     -2666.88
     -657.362
     -952.431
     -476.529
     -1062.23
     -568.843
     -1417.95
     -1597.40
     -1597.40
     -839.429
     -866.238
     -1143.88
     -971.734
      3.28357
     -556.319
     -637.884
     -662.245
      3.11273
     -804.983
     0.307223
     -490.468
     -1665.89
      1.41761
     0.234170
     -810.042
     -466.408
     -935.424
     0.735798
     0.735798
      4.68588
     -472.164
      2.89874
      1.33633
  -0.00780359
      2.44821
      3.19740
     -634.451
     0.747669
     -303.730
      1.80776
      2.30136
      1.51598
     -2369.85
     -222.733
     -946.540
     -677.417
     -383.535
     -1583.09
     -1233.00
    0.0772489
      1.11788
      1.11788
      2.85472
      2.50983
     -422.712
      1.70597
      1.51999
      1.98934
     -528.968
     -172.481
      1.69264
      1.25351
      2.73435
     -651.938
     -651.938
      4.26300
      4.13524
     0.453745
     0.586260
    0.0338597
     -726.618
     0.706151
     -596.533
     0.431766
     0.651380
      2.31316
     0.616324
     0.511422
     -725.321
      3.66517
    0.0862924
      1.09227
      1.30351
     0.375391
     -689.087
     -468.393
     -357.159
      1.13224
     -809.167
    0.0339032
     0.743310
      2.58144
      1.17950
      2.89326
      1.54453
     0.430856
     -746.915
     0.592668
     -340.477
      3.12487
     0.334069
     0.340310
    -0.250807
     0.991616
      1.23867
     0.288656
      4.74850
      1.14038
     -586.382
     -130.473
      2.02375
     0.192290
     -815.781
      2.74362
      3.63128
      5.54382
      5.54382
      2.30603
     -853.894
     -824.459
      2.42215
     -238.029
     -620.287
     -854.339
     -705.428
      2.33420
      3.07907
     -797.093
     0.572588
     0.572588
     -2851.91
     -973.865
      4.38613
     0.712673
     -1321.91
     0.823559
     -772.726
   0.00841618
     0.543751
     -379.857
     -616.159
     -1206.41
      3.60283
     -541.916
      1.20215
      1.52539
      1.41079
     -3601.23
     -1276.03
     0.676257
      1.84979
     -560.795
     0.726850
     -615.806
     -789.529
      3.09291
      1.86687
     -552.164
     0.454439
     -708.178
     0.954317
      2.67875
     0.691786
     -526.298
     -685.485
     0.373120
     -501.178
     0.611571
     -160.072
     -550.332
     0.239767
      3.50811
     0.988798
      1.38697
     -663.776
      2.04127
     -616.996
      1.79240
     -506.253
     -1944.99
     0.476034
     0.768257
    -0.184008
      3.08894
      4.97764
      1.59259
     -1412.52
      2.01993
      3.23103
     -875.066
     -996.507
      2.20045
     0.909768
      1.81598
     -213.118
     -1143.34
     -133.560
      1.41245
     -782.794
      1.19582
      2.94203
     -461.579
      1.16092
     0.224556
     -1223.77
     -1223.77
     0.492377
     0.994571
     0.987828
     -266.073
   -0.0596130
      2.38201
      1.02396
      1.02396
     0.718810
     -288.868
     -1896.23
     -745.281
     -555.817
     -75.8145
      1.33022
     -1090.78
     -5263.25
     0.477456
     -342.060
     -1226.30
      1.08179
     -490.860
     -1676.99
     -1817.52
     -558.134
      1.02312
     -880.874
      2.35803
      4.41160
      3.33299
      1.88677
     -771.337
      1.26507
     0.661354
      1.44182
      1.73317
     -574.490
     -1024.62
     -2518.34
     -4021.54
     -643.093
     -643.093
     -507.071
     -2154.27
     -1694.50
     -1694.50
     0.793257
     -333.792
     -491.361
      1.78534
      5.92828
     -261.867
     0.449798
     0.449798
      3.65338
     -1839.89
     -1839.89
     0.466090
     -618.585
     -440.091
     -440.091
     0.373362
     0.487178
     0.398475
      2.45684
     0.605263
     0.666840
      1.92936
     -522.246
      4.34417
      2.72237
      2.72237
      3.63806
      2.03647
      2.39761
      2.97420
      2.97420
      3.54336
     -391.918
      1.21751
      1.21751
      2.41038
      1.43957
     -914.235
     0.922872
     0.215516
      6.45211
      3.62081
   -0.0208735
     -580.520
     0.544123
     -696.359
      3.78309
     -1413.94
     -338.387
     -338.387
      3.92704
      3.92704
     -744.124
     -418.950
      2.25981
      2.20573
      2.20573
     -1492.12
     -4674.47
      1.82224
      3.54656
     0.330332
      1.08008
      1.80728
      7.59310
     -630.506
      5.54411
     -511.730
     -718.796
     -1187.89
      2.09776
     -1072.89
      2.04566
      2.04566
     -634.313
      3.70547
     -497.446
     -497.446
     -1702.20
      1.07909
     -729.405
     -729.405
     -872.807
     -363.187
      3.14463
      1.29035
     -773.240
      1.29817
     0.750129
     0.578476
      2.79592
     0.103288
     -1000.77
     0.449535
     -969.180
      4.78363
     -1855.71
      1.08131
      3.90227
     -573.438
      2.41856
     -661.180
     -2600.82
     0.988867
      1.30795
      1.42399
      7.30001
      2.17847
     0.793292
     0.816612
      1.92675
      2.69646
     -984.514
     0.588304
      1.54510
      5.78024
      4.66641
      1.38908
     -741.747
     -2270.10
     0.707546
      1.47787
      3.26662
      2.43916
      1.43592
      1.43592
      1.56562
      1.15994
     -761.833
      2.22040
      2.65185
     0.252907
     -1026.29
      2.53383
     0.764530
      1.03962
      1.03962
      2.83059
      2.83059
     -1500.55
     -617.347
     -441.072
     -757.047
      6.76596
     -939.764
     -939.764
      2.59146
     -863.010
      1.22353
     -427.776
     -746.910
     -718.811
     -1146.16
     0.352971
     0.672662
      1.36266
      2.15981
     -986.762
     0.288708
     -1001.02
     0.424287
     -1076.15
      2.74570
     -3242.60
     0.652256
     -1578.35
     -1007.46
     -1647.70
      2.14936
     -652.575
     0.677737
      4.45529
      7.35391
     -928.320
     -928.320
      1.08256
      2.16783
     0.219832
    -0.112465
      1.30007
     0.570937
      2.28058
      1.09876
      3.42043
     -1974.20
      2.92550
      5.87953
     -1052.91
     0.873186
     -1043.39
      2.17959
     0.868836
      5.57482
     0.515445
     0.813595
      2.77247
     -1332.28
     -1332.28
     -311.429
     -401.628
     -401.628
     -516.955
     0.984830
      3.28328
     -584.421
    0.0669037
     -978.334
      1.65311
     0.387544
     0.274129
      4.10563
      1.97057
      1.97057
      1.68669
      1.74901
     0.577741
     0.725177
     -830.231
     0.224968
     -961.863
      3.92569
     0.569028
      2.22414
     0.608547
      4.94434
     0.249604
     -696.193
      2.70831
      1.25851
      1.19699
      1.49506
     0.800514
     0.800514
     0.888337
     -1950.50
     -444.467
     -521.636
     0.300235
     0.300235
     -1104.33
     -1220.63
     -1691.44
     0.785900
     -630.866
     -1065.74
     -1065.74
      1.77501
      5.12922
      2.74651
      3.99246
      3.99246
     -80.3815
     -989.721
      1.08629
     -764.183
     0.334431
      2.39504
     -2692.13
     0.343788
      2.77334
     0.326372
     -681.392
      1.44771
      8.46066
      1.17116
     0.601794
     0.776737
     -779.127
      1.92514
     0.677122
     0.996812
      1.94064
     0.645152
     0.229958
      2.63816
     0.515069
     0.463762
     0.634835
     0.358499
      1.78122
     -2401.52
      2.09328
      1.26596
      1.65509
      1.24496
     0.546854
    -0.877831
     0.605115
      2.16638
      2.46153
     -309.152
     0.831948
      2.29901
     -1293.40
      2.20125
      1.76136
    -0.196654
      3.76761
     -1087.64
     0.496394
      6.22059
      1.57433
     0.309027
      2.81882
      2.81882
     -701.872
      2.75242
     -1047.03
      1.03765
     -1192.75
     -508.255
      1.25587
      2.97778
     -599.573
     -1610.77
     0.185667
     -668.471
      4.06090
      1.01020
   0.00208471
   0.00208471
      2.81193
     0.430657
     0.618739
     -837.446
    0.0508963
     0.959942
     0.655931
     -454.998
     0.297368
     0.193205
     0.701119
     0.269262
      2.49729
      2.15640
      2.15640
      3.35407
     -858.258
      2.77498
      3.91421
      1.01118
     -704.548
      3.56622
      4.02368
     0.995969
     0.166177
      1.91462
      1.72243
      1.12424
      2.69314
      1.83767
      2.24637
      2.24637
     -1137.34
     -2426.78
     -1129.91
     -608.781
      1.75197
      2.82208
      1.84959
     -645.298
     -214.118
     0.392905
    0.0609549
     0.656744
     -699.602
     -699.602
     -361.170
     0.592138
      1.10245
      1.90629
      1.47748
     -658.139
     -437.495
     -1401.54
      1.70210
      2.31438
     -769.977
     0.489520
      11.8978
    0.0542884
     -291.088
      3.24764
      3.09136
     0.589441
     0.589441
      1.47998
     -840.573
     0.957243
      1.35727
     -523.819
      3.22946
     0.181279
     -3487.38
     -1210.30
     0.443443
      1.43645
      3.89487
      6.34841
     0.664608
    -0.119872
     -410.722
      4.11547
     -884.875
     -697.899
     -2935.45
      3.07584
   0.00984239
     0.649262
      1.41047
    0.0952474
     -1937.08
      4.42895
     -622.283
      1.45468
     -644.934
      3.54622
    -0.119342
     0.495708
      3.31455
     -674.535
     -195.052
     0.808717
     -1315.91
      1.51113
      1.22701
     -1090.35
      1.68890
     0.380507
     -410.516
     -1495.93
     -2122.37
     0.595425
     -1687.89
     0.821436
     0.887261
    -0.127166
      2.62767
     -653.540
     0.402113
     -2131.43
     0.831085
      2.24424
     -499.756
     0.152412
     -391.212
     -846.109
      3.98610
     0.330475
      1.59257
     -959.605
     -1968.19
      2.90916
     -771.136
      3.38041
     -303.063
     -2903.17
     -738.202
     -452.529
     -784.012
     -876.302
     -918.397
     -1447.39
     -384.028
     -1252.97
     -707.893
     -707.893
     -2669.02
     0.656227
     -851.142
     -851.142
     -1913.00
     -1913.00
     -816.301
     -1036.20
      1.01152
     -194.909
      3.88822
      3.88822
     -1512.82
     -625.975
      1.11525
     -1149.75
      1.60244
      1.71133
      3.95979
      1.36023
      1.77185
     -618.092
      3.63118
      1.73513
      2.05514
     0.482949
      5.34130
      2.25507
      2.17232
     -2355.36
     -1344.74
      2.21663
      2.95581
     0.805327
      2.97840
     0.113310
     -655.588
     -729.804
     0.238958
      1.08474
     -2070.25
     -1886.12
      2.45559
      3.14587
    -0.116242
     0.649597
     -889.063
     0.265920
     -721.868
     -1709.63
     -688.768
      4.01495
      1.37920
     -562.978
     0.534068
     -160.595
     0.673843
      2.84499
      15.5341
     0.582947
     -882.047
      4.64101
     -286.928
      1.07227
     0.296512
     0.741467
     -387.326
     0.239922
     0.108140
      2.36288
      3.62290
     -284.022
     -777.504
     -777.504
      5.31670
      5.31670
      5.67533
      5.67533
      1.00403
      3.51072
     -501.539
      12.4455
      5.84197
      6.46166
      11.8662
     0.865141
      1.64695
     0.150353
    0.0262313
      2.80101
      2.57079
      9.56534
      2.81474
      2.90083
     0.281000
      1.46233
      4.20348
      3.12863
      1.08062
      2.69494
     -1225.22
      3.50087
      2.78153
     0.228349
      1.79524
      2.45507
     0.332446
      2.34982
     -552.850
     -2827.41
      3.65385
      1.60388
     -475.135
      2.15344
     -629.975
     -864.981
     -1381.23
     -577.293
     0.963433
     -522.036
      3.53039
     -1448.99
     -2042.42
     0.453458
     0.268831
      2.80626
     -589.477
     -654.128
      8.05577
      1.53906
      5.57614
      1.65064
      1.65273
      2.66496
      1.24028
      1.77171
    0.0122732
      3.76390
      1.01064
     -1707.26
     -268.333
     -2184.28
     -1281.94
     -1281.94
     -978.371
      1.74258
      3.66423
     0.741340
      4.93692
     0.896336
      2.21294
      5.25436
     -605.617
     -1408.64
     -1342.96
      3.26421
     -597.940
      1.47597
      1.45815
      1.89261
     -95.2596
     -1187.36
      1.54762
      1.02071
      3.93882
      2.92663
      1.64225
     0.988960
     -663.798
      1.41302
      1.52311
     0.469256
     0.385044
     -1094.47
     0.590738
     0.632941
      1.65999
    0.0901729
     0.819222
     -437.491
      7.52883
     -1122.74
      2.50324
     0.686920
     -1211.51
     -800.712
     -1086.42
      1.48767
     0.346806
      5.16419
     -737.239
      2.69502
     0.347495
      1.33088
     -601.537
      1.42212
     -661.886
      1.25068
     -505.715
      1.43546
      2.12943
      1.14679
      1.77710
      2.22390
     -534.916
     -978.227
     -388.746
     -915.933
      1.63950
     -899.438
     0.812853
      3.74028
      4.14542
     0.917418
      2.33986
      1.00389
    0.0376191
     0.856598
      3.90942
     -1047.60
      1.52275
     -365.782
      2.12847
      2.07884
     -766.035
     -980.422
     -213.312
      4.51582
      2.14114
     0.738486
     -806.891
     -209.752
     -798.165
      1.14786
     -287.761
     0.477914
      2.76895
     -471.883
      1.82986
     -809.261
     -3857.90
     0.591934
     -1115.30
     -400.103
      2.28269
     0.724526
     0.710334
     -836.886
      2.93413
     -1155.31
      1.01248
     0.325972
      2.16112
     0.334028
     -474.534
     0.541783
     0.441794
     0.720540
     0.444910
     0.926560
      2.92956
     -558.720
      3.74742
     -546.545
      4.37869
     -526.070
     0.463061
     0.867169
      2.10378
      1.10440
     -1149.59
     -180.834
     -831.634
     -560.800
     0.195575
      3.38636
     -2472.71
      4.52500
     0.890279
     -3272.88
      2.62165
     -603.773
     -350.285
     0.995780
     0.608217
      1.17626
      1.21655
     -851.310
     -864.937
      3.17432
     -385.122
     0.859225
      2.16872
     -649.333
      3.46846
      3.36536
      3.36536
      1.16331
      2.64394
     -1950.31
      2.18839
      1.22528
      1.29764
      2.77666
     -110.879
     0.822680
      3.59285
     0.562954
      1.28744
     0.879363
     -2148.83
      4.43841
     0.136985
     -1115.14
     -875.380
     0.680921
      1.25708
     0.409700
      3.62624
     -735.418
     0.112893
      2.92089
     -1060.51
      1.56770
      2.08390
      3.33239
      3.46164
      1.68881
     -542.242
     -813.842
     -435.636
     -690.439
     0.303025
     0.772369
      1.20331
      2.16336
     -370.031
     -561.013
      1.61655
     -1236.00
      3.07180
     -617.175
      5.33191
     -1047.40
      2.79237
      2.71265
     -664.686
     -664.686
     -744.001
     -1615.99
     0.942292
     -537.028
     -1140.49
     -912.235
     -912.235
     -849.611
     0.393766
      2.41082
     0.388784
      1.20800
    0.0578429
      8.84709
     -628.676
     -628.676
     0.698917
      2.34883
      1.92975
      2.34137
      2.30790
     0.731953
     -467.513
     -260.748
      2.28198
      2.68862
     0.959618
     0.959618
     -1238.85
     -1238.85
     -704.735
      2.91539
      1.18957
     -612.604
      1.36823
     0.881859
      1.08794
     -2578.56
      3.53803
     -717.635
     -731.097
      1.57651
     0.989194
     -414.231
     -129.419
     -129.419
      2.74130
     0.187980
     -1702.35
      1.57765
     -528.197
     -2286.76
     -960.232
     -1202.99
      1.60666
     0.248394
      3.71187
     -941.995
     0.799957
     -167.479
     0.874706
      3.02521
     -978.453
      3.83075
      1.22846
     -372.312
      2.34737
     0.527318
     -1016.65
      2.69244
     -497.436
     -1338.62
     -821.211
     -1053.22
      2.86128
      1.00596
      8.25459
      1.25178
     -452.508
     -578.010
     0.570653
      1.89687
      2.70637
      1.47547
      1.47547
     0.675426
     -762.208
     -587.422
     0.255166
     0.261381
      1.39342
      3.18706
      1.29625
      1.10380
     0.977966
   -0.0568576
     0.669278
      2.26758
      2.36146
      1.13687
      2.15313
     -283.542
     -507.763
     0.459492
      2.37661
     -2313.39
     -753.069
     0.406201
      5.65624
      1.77168
     0.276336
     0.673921
     -444.496
      2.66289
     -1175.12
      1.43801
     -423.632
      1.24395
     0.222699
      2.78707
     0.327493
      1.41007
      3.01550
    -0.221030
      2.83957
     0.558032
      2.31777
     -1882.50
     -1882.50
     0.545152
     0.545152
     0.690207
     0.690207
      2.42636
      2.57336
     0.307066
     -1073.02
      1.62463
     0.793783
      1.04298
     -837.558
      3.37001
      2.33350
      5.65467
     0.841223
      1.49047
      1.52480
     -305.781
     0.734435
     -937.697
      1.17541
     0.713713
     -480.953
     -409.849
     0.451113
      3.77422
     0.986115
      1.09829
     -448.975
      2.36973
     0.359515
     -449.837
     -814.048
     -274.797
      1.49783
      5.32535
      1.11237
      7.27050
     0.715568
      1.73273
      1.73273
      2.29932
   -0.0377616
     -613.682
     0.503505
     -271.032
     -957.891
     -536.213
     0.300769
      2.20650
     0.740169
     0.747891
     -312.729
     -847.489
     0.794524
      1.64920
      1.06750
    0.0472013
     -723.908
     -723.891
     0.423741
      3.40034
     0.693071
      2.75224
     -3089.18
      2.07555
     -656.861
     -4649.72
     0.401313
     0.993766
     -409.199
      2.03686
   -0.0997953
     -905.318
     0.798878
     0.587638
     -637.396
     0.560852
     0.503625
      2.37839
     -861.131
     -261.844
     0.536398
     0.907512
     -569.922
     -1010.65
     0.380147
     0.548776
      5.71865
     0.979322
     -653.776
     -1157.45
     0.955051
      1.22165
      3.86624
     -1809.22
     -2600.76
     -1407.49
     -1002.03
     -590.043
      1.79247
     0.453491
      1.65766
     -613.434
     -526.333
     -832.955
     -309.203
     0.501051
     -519.858
      1.37698
     -2773.98
      1.61896
      3.52973
      1.50907
     -123.022
      2.11584
     -796.466
      1.88361
      3.46904
      1.49408
      1.86238
      5.74738
     -808.806
     0.726340
     0.496508
      2.98781
     0.513790
     -542.673
     0.714077
     -849.379
     -323.083
     -530.525
      2.43754
     -727.303
     -857.145
     0.529062
      5.71238
     0.886252
      1.66159
     -339.584
     -1044.14
     -749.774
      1.63193
      1.26407
     0.462085
     -575.274
     0.431558
     -844.286
      1.81082
     0.783637
     -1029.37
     -1482.61
      4.93807
     0.918815
     -886.284
     -670.820
      2.90739
      1.97714
     0.573377
     -605.875
      3.55610
     0.119817
      3.53416
     0.343955
     0.439065
     -1027.89
     0.454848
      3.57407
      2.33930
     -495.212
      1.20690
      1.26995
      1.56229
     0.595876
     -737.833
      1.11279
      4.34760
     0.844214
     0.841933
      2.74532
     0.595564
     0.965659
     0.647978
      1.32060
     -991.820
     -1155.82
     -712.140
      7.40924
      5.34263
     0.724158
     0.724158
     0.273898
      2.30120
     -676.813
     -1125.80
      5.89155
      5.89155
      3.44342
      4.92277
      1.64045
     0.875440
     -601.398
     -510.545
     -2034.27
     0.839378
     0.677195
      1.72767
      3.31141
     0.614512
     0.723571
      2.50091
     0.448491
      1.00728
      1.35642
     -473.278
     0.406202
      5.27610
      3.99100
      1.07062
     0.568177
     -1643.47
      1.93146
     0.359344
     0.961269
     0.560787
    0.0995993
    0.0995993
      1.39074
      1.39074
     -631.590
     0.699258
      1.34800
     -312.550
      1.79077
      1.78690
      2.70597
      1.56944
     0.637249
     -1418.74
     -1868.82
     0.897601
      2.52643
      2.10273
      6.26827
     -661.242
      1.78070
     -1289.70
    0.0957518
      3.33797
      2.90587
      5.88562
      1.65283
      2.71418
     0.606204
     -494.177
      2.18614
     -555.900
     -574.922
     -1863.65
      1.24691
     -677.131
     -1480.36
     -1828.85
     0.743616
     -787.220
     -691.991
     -691.991
     -1050.22
     -898.698
     -1005.55
     -1005.55
     0.289949
     -625.678
      1.46359
     -1003.36
      2.22718
     0.701305
      3.71704
    0.0944734
     0.988355
      2.65557
     0.367497
     0.837294
      3.59067
     0.734580
      1.37466
      7.02654
      1.93055
      1.75358
      2.36574
      2.30591
      2.71028
     0.784132
  -0.00895950
      2.05322
      3.75303
      1.77353
     0.906922
      4.31129
      1.00781
     0.437111
     -214.497
     -1303.62
      4.15109
     -1137.29
     -521.906
      6.01596
     -848.487
      2.07495
      1.27860
    -0.471994
     0.633497
      1.49667
     -575.089
     0.293568
      1.06254
    0.0455571
     0.364504
      2.02392
     -551.912
     -323.531
      3.54387
     -1155.82
     -2094.43
      9.68167
     -1270.05
     0.883084
    0.0345347
      1.61257
      6.26049
     0.925480
     0.830647
     -687.561
     -704.182
     -744.979
     -1539.11
     0.337398
     0.199097
      2.25737
     -1007.97
     -681.859
      6.13280
     -643.416
      6.87910
     -567.566
      2.83167
     -507.240
      4.65503
     -499.204
     -382.204
      2.21895
     0.961444
      4.95052
     -1212.90
     -580.861
     -1092.50
      3.66669
      1.88511
    -0.105125
     -999.241
     -593.303
      3.09721
     -1701.32
     -592.712
     -302.066
     -1587.58
      2.02388
     0.693380
      2.34227
      2.07801
     -1800.27
      1.74502
     0.618058
     0.893256
     -1073.57
     -758.307
     -369.479
      1.19289
      7.02429
      3.39605
      1.45723
     0.713430
     0.630635
    -0.617779
     -979.362
     -1006.20
      1.70470
      1.13496
      9.37526
      3.81810
     0.626743
      1.95949
     0.822311
     0.376583
      1.92208
     0.508912
      1.00473
      1.38794
    -0.490212
      1.00624
     0.511065
     0.945045
     0.801960
      1.65601
     -434.375
     0.327484
      2.53453
      4.36905
     0.900538
     -357.096
     0.369194
     0.680206
     0.552304
     0.111917
      3.02669
     -2128.68
      1.51202
      1.12141
     0.454881
     -333.625
      4.86758
     -347.906
      3.04165
      1.79034
     0.282147
      3.21343
      4.73327
      2.41073
      3.30293
      2.17223
      2.28823
     0.494850
     0.714057
      1.98800
      1.86575
     0.689709
     0.537290
     0.491882
     -857.238
      1.01723
     -672.153
    -0.294849
      2.69640
      1.69779
     0.225747
     -711.418
     0.632428
     0.281480
     -453.650
     0.468875
     0.638920
      1.22174
     0.409043
     0.285242
      9.31962
     0.423001
    0.0687423
     0.330381
     0.903432
      1.27761
     -791.117
      1.81799
     0.509147
      2.28071
      1.67225
     0.847467
     0.716208
     -3528.36
     -55.6124
      1.51400
      3.72381
      3.72381
      2.33493
      2.33493
     0.813475
      4.14548
     -672.110
      2.32039
      1.22418
      1.22418
      4.62901
     -994.227
     0.560697
     -594.104
     -1.56413
      1.12778
      2.33764
     0.821938
      1.62910
      1.08533
      3.26569
      2.95986
      2.46743
      2.24026
      1.94793
    -0.280594
     0.836693
     -824.100
     -1861.05
      3.35670
      4.65905
      1.77713
      2.93886
      1.74940
     0.655443
      2.14215
     -1087.99
      1.98723
     0.721152
   -0.0924308
      1.03945
     -326.640
     0.872533
      2.80940
      2.63104
      2.21894
     -307.186
      3.52463
      3.08575
      2.17988
     -1019.41
     0.838770
     0.838770
     -750.915
     -750.915
      3.94567
      3.94567
     0.687659
     0.687659
      1.41224
      1.07011
     0.705068
     0.791123
     -543.868
     0.464951
      1.23800
      2.75285
      2.75285
     0.456999
      3.72446
      1.22099
      3.17410
     0.428999
      3.25834
     0.693558
    0.0197522
     -437.775
     -437.775
     -1800.98
      1.88720
      1.06411
     0.104252
      1.37588
     -715.865
     0.335617
     0.419111
      1.88760
      6.43998
     -900.241
      4.01389
     0.776781
     -518.880
     -886.993
     -886.993
     0.636232
      4.12378
      2.17089
      2.17089
     0.679922
     0.561336
     0.864890
    0.0178332
     0.422110
     0.422110
      2.92280
      2.92280
      1.20547
      3.50186
     -776.884
     -898.256
     0.537052
     -467.790
     -467.790
      1.44410
     0.772833
      1.47058
     -2217.50
     -2217.50
     -1087.78
      2.30138
      1.34708
     -478.525
     -1768.43
      1.24835
      1.24835
     -499.591
      1.28261
      3.82250
      3.82250
      12.8586
      2.14284
      1.45128
      1.52629
     -3036.83
      1.76057
     0.384095
     -526.930
     -2403.43
     0.324671
      2.12434
      2.18222
     -1279.99
     -438.161
     -1259.99
     0.471102
     -1764.92
      3.65648
      5.31995
      3.34360
      10.4462
     -1482.63
      3.29209
      3.03881
      3.33019
      5.10834
     0.749304
      1.30634
     0.204138
      2.23353
     -1406.30
     0.427238
      2.38892
     -1702.45
      1.74357
      2.91548
      6.06688
     -654.257
     -774.156
     -1979.30
     -727.044
     -386.151
     -488.609
      2.19109
     -1128.42
      8.98439
     -849.926
      4.37974
     0.440670
      2.01517
     -2306.73
   -0.0751927
     0.393446
      1.27803
     -646.029
     0.919147
     0.726582
     -1305.93
     -602.914
     -172.900
    0.0572776
     -313.147
      1.13051
     -342.758
     0.365196
     0.378828
     0.788078
     -760.350
    -0.106855
     -300.148
      1.82507
      3.02956
    -0.612778
     -2893.10
     -807.241
      2.20303
      1.00556
      1.36293
     -3444.19
      2.63217
      2.63217
      7.50343
      7.50343
      2.39793
      2.39793
      1.25268
      3.52865
      1.50368
     -1237.25
      11.1548
     0.757969
      1.09793
     -1071.31
     0.401714
     0.225233
     -390.378
      1.76503
     0.882385
     0.568522
      3.51535
      1.20337
      2.66568
      5.13650
     0.826948
      1.35788
     -561.167
      1.00564
     0.892603
      1.42457
      1.84470
     -1315.74
      3.75011
      1.09532
      10.6405
     -381.004
     -435.263
     -1117.95
     0.921377
      1.93729
     -691.252
     0.599266
      4.09984
     -616.109
     -496.954
     -604.870
      3.04409
     0.653337
      1.88897
     -799.118
      1.10058
     -913.301
     0.519335
     -804.639
     -2312.14
      2.10202
      1.07582
     -320.700
     0.889180
     -1377.42
     -484.454
     -484.454
     -642.371
     -812.126
     -466.959
     -466.959
      3.77634
     0.339200
      2.90545
      1.50936
      1.50936
      2.49244
      4.13385
     -2155.41
     0.308536
     0.750102
     -348.446
      1.41413
     -1070.12
     0.646478
     0.820538
      2.06050
     0.846731
      1.82095
     0.412738
     -330.835
     0.581272
     0.348046
     0.565949
     0.707658
      1.96675
   -0.0269479
     -1929.90
     0.890514
      2.62281
      1.23567
      3.96386
     -824.340
     -510.947
     0.487242
     0.746587
      1.06181
      1.13609
     -585.081
      4.30447
      3.27516
   -0.0189231
     -1276.59
      6.32378
     -318.258
     0.244378
      1.90051
      5.75659
     -1600.20
      3.11779
     0.412266
     0.297194
      2.28946
     0.463504
      8.77159
     -850.433
      6.15563
      7.63792
      2.82386
     -1042.55
      1.44502
     -913.408
     -217.905
     -2434.47
     0.778856
     -268.401
     -644.341
     0.126067
      5.02433
     -755.650
      1.46599
     0.733897
     -3896.84
      2.36417
      2.36417
      1.88893
      1.88893
      3.29420
   -0.0362267
     -925.340
     -580.716
      1.29278
      2.80991
     -586.609
     0.404611
     -817.554
     -496.214
   -0.0767255
     -819.158
     -819.158
      8.51622
      5.39329
     -533.329
     -1077.16
     -1221.73
     0.619243
     0.619243
  -0.00282394
  -0.00282394
      1.98942
     0.999389
     0.999389
      1.15824
      1.15824
     -855.424
      3.18448
      3.18448
      2.73164
      2.73164
      1.08012
      3.51788
      3.51788
      2.17422
     -162.900
      2.83698
      1.14273
      3.68327
     0.842748
      1.48554
     -842.462
      1.07176
      5.69740
      2.29837
      5.42674
     0.922190
     -749.061
     -640.538
     -4461.65
     -860.829
      2.45416
     0.518279
     -935.325
     0.643466
      6.47740
      2.16257
      7.59103
     -478.279
     0.910756
      5.98075
     -2408.28
      11.6191
      1.06772
      4.46832
      1.22522
      3.59177
     0.845242
    0.0380119
     0.657645
     -913.919
     -861.965
     -557.105
      1.16227
     -624.347
     -1026.26
     -1026.26
      1.70011
      2.19052
     0.872815
     0.872815
     -945.219
      3.01710
     0.299567
     0.299567
     -647.443
     -1013.78
     -894.269
     -894.269
     0.868433
     0.868433
    -0.407647
      2.68842
     -1035.21
     -595.090
     -424.161
      1.43390
     -1961.16
     0.594998
      4.27457
     0.915556
     -401.778
     -1021.31
     -1157.44
     0.171240
     0.381670
     0.891898
      2.59341
     -1337.53
      1.08676
      1.70676
     -882.650
     -348.965
     0.507050
     -1025.06
   -0.0614166
     -541.160
      2.26466
     -832.517
     -1235.38
      2.43140
     0.778475
      5.72237
      1.57486
     -153.811
     0.537630
     -1139.96
     -378.929
      1.00956
      1.43635
     -1060.24
     -447.095
     -758.549
     -380.439
     -758.702
     -1179.79
      1.51231
     -1358.36
     -602.056
     -586.574
     -2702.84
      5.60209
     -1667.22
     -1313.99
      1.97288
      4.95017
      2.71594
      1.11421
      4.83677
      4.83677
      2.03181
     0.485359
      2.93211
      2.93211
      1.54095
     0.675120
     -397.236
      1.30456
     -445.872
     -889.848
     -889.848
     -469.651
     -649.464
     -649.464
     -1657.77
     -2785.69
     0.502141
     0.502141
     -423.575
     -423.575
     0.565228
     0.312716
     0.312716
     -495.039
      1.61881
     -776.687
      4.06916
     -1633.17
     -792.529
     -3914.44
      3.09000
      3.09000
     -760.959
     0.313722
      3.06337
      1.56283
      1.17210
     -762.959
     0.808104
     0.304849
     0.136938
     -4342.59
      4.70329
     -2552.76
     0.585509
      1.94260
     -176.333
      2.62328
     0.674298
     0.123003
     -1113.67
     -347.472
     0.572681
    -0.115232
     -417.286
      2.93253
     -318.945
     -1114.89
      4.52612
      1.11165
    0.0200905
     -526.133
      1.20012
      2.25638
      2.58918
      2.31841
     -735.230
     0.297044
      3.04718
     -656.303
      2.96210
     0.455154
      4.07453
     -1517.52
      5.74639
      5.74639
      1.76558
     0.598208
     0.598208
     -1435.64
     -1435.64
      3.67088
     0.400723
     0.400723
     -871.595
      1.15312
     0.564024
      2.31876
     -7.36092
     -952.747
     -623.982
     -666.925
     -666.925
     -798.124
     -798.124
      3.68764
      3.68764
     -748.997
     0.548221
      1.22387
      1.77121
      1.77121
     -564.213
      1.10385
      1.10385
     -1693.39
      2.09673
      2.09673
      3.22700
     0.826214
     -630.424
     -2063.50
      1.70331
      3.10955
     -1064.20
     -1064.20
     0.662047
      1.13681
      1.86462
     -464.494
     -464.494
      2.36826
      1.07893
     0.767691
     -904.231
     -772.406
      6.04392
      3.30486
      3.30486
     -680.027
     -680.027
     -1075.52
      1.75309
     -438.315
     0.472204
     -741.073
     -2871.43
     -810.261
      4.38628
      1.28963
      1.69314
     0.895690
     -613.618
     -613.618
      1.22007
      1.54107
      1.55956
      1.55956
     -1439.51
     -1439.51
      3.67674
      3.67674
     -1722.46
     -1722.46
     -1248.53
     -1248.53
     0.596233
     -609.093
     -609.093
      2.29899
      2.29899
      1.73329
      1.73329
     -395.312
     -395.312
     -390.313
     -390.313
      1.46434
      1.46434
      4.42904
     -417.947
     -417.947
     -1679.49
     -1679.49
     -817.990
     -329.570
     -329.570
      2.19373
      1.96443
      1.96443
      4.07121
      1.68776
     -1006.17
     -1006.17
      1.24408
      1.24408
      1.60934
      1.60934
     -690.508
     -1055.56
     -1383.01
     -1383.01
     0.786802
     0.786802
      1.72743
     0.339136
      2.38510
     -777.751
      1.01726
     -2414.93
      3.35007
     -2180.00
     0.268744
      2.81701
      2.16699
     -731.979
     0.424757
     -523.402
     -508.995
     -532.068
     -250.823
      1.13322
     -321.153
      1.25352
     -658.852
      2.14004
     0.780607
     -1636.15
     -789.886
      2.18434
     0.937095
    -0.187288
      2.05876
      2.65615
     0.943448
      3.22758
      1.65682
     -1186.51
     -753.279
      1.34804
     0.529693
      1.28925
      2.95632
      2.08533
      1.42567
     0.621512
      1.32795
     0.658305
     0.658305
     0.643628
      2.69262
      3.14473
      1.30182
      1.30182
     0.402143
     -553.986
     -1105.83
     0.791062
     0.430079
     -674.284
   -0.0228765
     -621.738
      1.39853
     -837.359
     -708.782
     -708.782
     -853.957
     -621.911
     -621.911
     -889.507
     0.410107
     0.410107
     0.989133
     0.989133
     0.295283
     0.295283
     0.140684
     0.140684
      3.31832
      3.59596
      3.59596
     0.730653
     0.730653
     -617.615
     -522.412
     -522.412
    0.0790155
     0.768632
     0.768632
     0.634223
     -1146.34
      1.19845
      1.20184
     0.258472
      2.61107
     -405.980
      1.80638
      3.84585
      5.62228
      2.14515
      1.99950
     -751.422
     0.854077
      1.77873
      3.18116
      2.44678
      3.89218
     -509.290
     -1647.57
     -2487.21
     0.887304
      2.03883
      1.37565
      4.21318
     0.221619
     0.874408
     -771.055
     -153.373
      2.00887
     -844.259
      2.27103
     -1101.03
      1.82827
     -759.851
      6.35166
     -1246.75
     -1246.75
     -1221.28
      4.34729
     -735.164
     0.353665
     0.467224
     -908.581
      1.77487
      2.77835
     0.312966
      2.69559
   -0.0242302
     -572.431
    0.0215666
     -768.533
     -870.867
      5.93937
     -981.757
     0.656327
     0.656327
     -1085.24
     0.770687
     0.770687
      2.85862
      2.83824
      2.83824
     -741.473
     -741.473
      1.93663
      1.69551
      1.69551
     0.812641
     -676.207
     -676.207
     -468.850
      1.58067
      2.74724
      2.74724
      2.79852
      2.79852
      7.04436
      7.04436
      1.92289
      1.92289
     -1829.28
     -435.840
     0.695847
      1.47866
      2.47223
      3.89798
     -2018.56
     -586.318
     0.368432
     0.643470
     -339.720
     0.912991
      1.17223
     -1469.27
     -1469.27
     0.317612
      2.84005
      2.84005
      7.41530
     0.755051
     -1199.55
     -1199.55
     0.625173
      2.09110
      12.3710
     0.796562
     0.616288
      1.65211
     -623.283
      2.40842
     -838.759
      2.92335
      1.57807
      1.57807
     -558.835
      2.69694
      1.18840
      3.90879
     -1169.68
     -860.414
     -152.199
     -220.448
     -447.766
     -630.847
     0.820535
      1.47673
      1.77807
      3.92045
     -939.291
     -547.226
      2.82807
     -1742.37
     -472.083
     0.367465
     -1158.46
      2.29462
     0.524752
     -650.982
     0.626726
      1.45450
      1.94228
      10.6933
     -426.042
      7.44709
      1.47472
     -571.693
      1.76484
     0.386896
     -942.933
      1.60349
      1.08230
      1.03396
      11.6408
      1.50340
     -209.283
     -892.952
     -2244.48
      2.10778
     -235.788
     -784.793
     -317.618
      5.46111
     -1222.84
     -2610.41
      1.63008
     0.138660
      3.52979
     -517.711
      3.74926
     -908.783
      1.06176
     -959.786
     -841.791
     -4136.15
      3.01529
      2.23865
      2.63987
     -706.067
     -803.758
      6.82807
      2.39261
     -321.278
      2.23187
   -0.0931088
      5.31693
     -353.151
      2.28846
     0.313464
     -404.029
     -305.045
     -976.560
     -976.560
     -1443.82
     -2606.30
     -1561.58
      2.53917
      3.37774
      6.89144
      1.08546
      5.70274
     -675.542
      1.64933
     -1232.97
     -559.543
     -559.543
     0.691625
     -523.947
      1.81773
     -782.947
     -2680.90
      1.50336
     -1174.29
      1.23954
     -826.056
     0.744247
      3.29556
      6.32084
      1.88486
     0.716088
      2.45999
      1.50191
      3.48690
     0.957180
     -662.768
     0.478839
     -735.920
     -693.351
      2.98777
     0.676365
      1.17150
      1.38125
     -1346.28
     -1288.24
     0.113486
     -516.463
     -421.297
     -552.533
     0.772343
      1.43473
     0.517282
     -586.762
      3.23959
      2.91717
      1.14953
     0.355544
     0.934291
      1.84954
     0.892115
     -590.022
      1.31852
      1.05947
      3.26959
     -878.205
     -474.835
     -991.170
     0.485130
     0.849309
      4.66382
     -450.643
     -620.075
     -953.704
      1.90404
     -902.930
      2.12698
      2.99441
     -516.171
     0.628993
      3.90229
     -1111.36
      1.51394
     -2164.59
      2.97721
     -1093.14
     0.763016
     -520.307
     0.953562
      3.55846
     -377.898
     -520.527
      1.08390
      2.91550
     -569.760
